2951,4553
3156,1825
998,3561
44,1025
1525,2868
2534,2188
1458,3119
4418,1414
4538,630
2702,1245
1756,581
865,1928
4567,4293
3067,2919
518,697
754,437
358,4123
4479,2930
3393,1194
155,2652
4885,853
4606,2086
2458,2913
1446,1544
3401,1737
3461,3263
2689,1056
3222,2657
118,1278
2748,2657
4205,1983
4560,1443
1024,3658
1168,4506
2401,401
1884,1205
3134,1520
4983,2270
3018,2617
987,617
3683,4387
2261,1355
4723,4397
270,770
221,2967
3957,4516
1099,4724
1058,4553
3354,4653
1678,1204
2985,946
545,3474
887,1364
1877,4567
2380,856
4154,3197
2874,1199
3949,589
1045,3883
2290,2423
3496,4977
1573,1887
2813,770
370,1710
766,513
3198,2723
3388,2909
14,2374
2519,3212
1705,3249
1237,1975
333,1148
112,2193
2902,2615
283,4003
1399,4736
1465,3775
2912,1989
2647,777
1166,4628
4438,3868
2406,2536
2569,1640
1001,139
3276,4249
3753,425
1199,2436
3878,4893
1637,66
2648,4161
1578,1630
668,4448
810,3989
688,4192
1470,3227
1363,1112
2889,4142
1566,1930
1908,4143
3102,2440
2930,1931
858,2653
1576,2883
4479,3807
4776,406
217,2863
877,1068
470,638
3235,4966
1249,1095
2096,3416
2170,2161
2500,1590
981,3468
654,2361
2662,4787
2872,3817
4337,3849
1604,4146
3191,5
643,4290
2293,4902
2331,2630
3525,2180
3534,4295
258,658
1991,722
2944,4550
4174,832
3652,3647
3780,176
593,3750
1501,2239
4495,3668
3799,3476
3996,926
3013,804
2535,3859
135,4569
323,1625
600,4056
2540,2345
577,3894
3540,279
2033,3556
2484,2961
4340,795
1426,4698
1546,2892
1157,4469
4368,1260
3050,4198
211,1965
3067,3684
824,1771
2404,2222
123,4874
2768,421
3346,3847
2564,2713
2084,1825
3936,1420
1629,4362
1050,1648
3713,1729
1729,264
4325,1858
3393,4274
3106,4842
2157,923
1858,430
2945,4076
4879,2616
2266,3220
1749,1779
4228,3798
4519,4112
2685,1822
2744,3681
2719,925
4990,4596
1982,2067
3756,2545
3098,4919
3066,3019
3670,4532
4812,4049
4113,41
2384,1801
4790,3375
4055,4454
322,1798
1323,2615
3849,3813
4597,1684
1324,59
1750,2885
1239,2753
4176,1239
4728,3026
673,1045
512,2667
3752,1694
2416,2974
2538,4694
4088,4780
543,894
52,2828
240,3306
865,782
17,3535
3218,2362
1323,1921
1471,1116
976,52
3154,2525
2039,4732
4773,3585
507,3612
1639,847
3787,4400
2406,602
3,3210
4221,1359
1324,46
182,2477
2446,4380
3964,1399
4555,1133
4268,30
399,4055
3581,2682
2052,2913
3800,3517
3185,3408
3379,3982
726,3729
4666,229
142,3819
4975,1062
3318,1699
4996,2044
1232,1647
4270,1489
2929,4676
530,3788
3229,2905
3686,2665
994,4300
684,944
463,626
912,907
4138,273
3918,2686
148,2574
4071,1147
2635,4916
2815,1845
2050,363
1980,38
2540,2636
758,4970
3755,2269
549,504
2334,4609
258,3272
668,2965
3810,2110
2105,380
4002,1700
4795,1471
2539,743
632,4152
4299,1763
2167,1500
3016,561
3713,4653
1523,1184
1989,3443
4838,3326
405,4960
4159,3709
1962,4727
2316,114
15,2811
4668,3009
2637,4936
395,4553
3059,3472
2521,3216
2007,3250
2184,2042
1293,1407
3299,1833
2678,4376
4345,783
448,4037
4458,4035
1210,3640
4080,2443
965,1218
3902,2115
3478,3966
1564,6
3986,2940
1554,2195
1900,3886
1409,4476
3390,1223
594,1948
3751,4993
4027,4003
404,4902
3651,1800
492,3230
3382,4318
1141,2577
2291,476
4489,4239
4271,1037
1155,3670
2012,1140
142,186
550,1097
690,3039
798,1490
3093,2824
1925,868
3974,2179
4393,4180
1097,4329
2610,3213
2903,2827
2724,2909
3315,3081
1230,3021
378,3658
911,3580
1658,914
3691,4075
4236,2857
4574,2897
4328,4795
3190,3677
1188,2375
4826,2780
1780,3239
134,1878
638,3460
3238,4180
3315,3529
3006,2800
1020,3024
4676,391
1776,4761
4195,3078
3428,891
2592,2481
3302,83
2953,1608
1339,999
2476,4348
179,2162
2387,2876
333,3036
3673,3773
4593,2942
3120,218
101,3510
699,2645
2576,4778
1340,1894
1309,4069
1944,3222
101,1174
4681,2862
3522,1387
692,2083
1626,4683
3431,1589
1997,415
4374,2464
4120,2593
1674,508
3679,1212
1967,651
2386,4660
4622,3331
2788,3455
3481,2161
2870,2001
92,3972
4860,1425
1697,4297
3828,4356
4929,3029
1571,618
1663,4442
111,712
3427,550
3372,2039
1077,3899
144,1165
384,4879
134,167
762,2248
4109,120
644,1418
1692,4687
4130,1475
1577,4116
1653,2539
2980,2739
1626,1239
2372,3725
3629,1326
1686,2345
37,178
2232,171
3765,4881
2523,2660
718,3784
2682,2515
1777,3897
2762,2182
3734,2542
1993,231
1624,2167
1184,2450
3312,3080
4265,581
590,1543
1724,4588
144,2196
610,2854
4988,718
3699,3686
900,2273
928,757
3311,2295
4941,391
2768,2593
4358,4112
1460,1773
808,2739
3703,1693
3689,1484
1441,2100
4167,446
765,2614
381,66
2411,2840
3262,2178
3455,103
183,2601
2674,2211
532,3797
1040,3373
1335,1714
2451,4200
4241,4570
2107,4008
4511,807
4959,4020
2112,911
2864,2682
4071,2960
358,393
1835,829
3741,4973
2177,4379
730,1115
1773,1758
4052,4387
3949,372
2604,4417
3272,2310
2852,2670
2077,4825
296,1455
823,2313
926,1244
680,4929
644,3545
1807,4791
4555,2574
31,580
4333,2709
1919,1835
4796,4040
3690,183
4852,94
722,2979
2046,150
627,1695
1258,1218
1173,1178
2427,3525
4936,4798
745,3500
2289,4604
3065,4070
4703,2044
1478,856
4276,2027
4536,728
1186,2814
1978,3028
3654,1020
4520,844
4449,3963
4525,97
2570,1646
2211,2918
3245,4390
1096,4977
4317,1288
2159,3257
264,474
481,1136
114,4888
3343,3887
734,4091
3048,3504
3426,4531
2203,2880
4822,1364
4612,634
1879,2044
1291,686
198,382
2510,3331
262,4983
4161,4619
821,388
4451,1610
3776,547
876,1918
3336,554
3942,2129
4727,2087
4886,633
4452,3100
3115,796
4951,3262
4458,2483
3733,4871
1518,3366
3823,1063
2438,2247
4315,2478
2079,1144
3590,775
2597,520
1446,3262
1663,3766
1779,2140
4444,3882
3526,1181
883,3306
4492,4002
1535,3543
2777,2414
2381,849
3131,4500
3770,2375
1772,3203
2978,3557
2282,2453
904,1277
2908,3599
4631,102
4699,3007
3742,3783
207,4756
2181,3854
1304,1631
2794,3828
1191,2409
904,4195
4008,3542
978,2878
4294,4625
2025,403
3965,1996
1264,2251
3544,2535
2578,3231
332,3556
2396,3628
1916,1704
2115,490
3807,3819
4197,1769
4614,234
2983,1888
3293,2062
4368,4092
1590,4364
4791,3086
4840,3433
1740,722
1641,4179
3210,1598
1711,2465
1860,4454
2216,2315
301,1151
4412,4922
1800,3377
551,3284
1473,1692
3075,3951
1897,3555
2832,1900
33,955
3204,2092
1415,4856
1874,2765
2620,1276
2751,3682
2044,791
3169,4890
3979,2355
4520,527
985,368
187,1638
1260,4763
2291,1843
1230,3587
4551,1188
4443,2471
2744,3048
609,242
1860,133
2538,1132
2329,4606
2934,1342
1677,4954
3109,4507
1783,228
3664,1303
2250,2005
1147,4240
412,1875
1686,847
4591,790
2943,1684
2080,1354
4645,4181
1215,803
4401,4851
2843,3946
4349,1657
3233,4445
4521,242
4057,4219
2261,3676
967,955
4261,1884
2307,3030
3834,4917
3534,4066
4626,1576
1836,95
3976,4063
625,318
3302,2610
3157,777
1461,4465
92,1885
2272,649
4076,1690
1332,962
4138,247
1892,1405
626,3368
4338,1145
1406,3566
2808,4263
1775,650
600,4268
257,1107
2656,3850
4488,4798
3378,4699
248,1680
1367,4778
65,4915
2397,213
1047,1450
4251,4149
3165,2361
41,1754
1868,3454
1815,1938
3594,339
1238,1818
2448,4338
4852,3937
4501,2445
1462,2107
3186,587
1438,3646
4368,2071
2257,3828
1266,778
837,1813
3515,2399
2653,4690
1676,4605
3989,2320
3700,770
186,126
1856,3174
4566,4201
1303,1421
1389,2530
4495,3740
2240,1006
4176,765
4111,345
1004,1627
3912,4243
2889,1412
377,3781
4160,1625
3179,1782
3257,1273
2082,311
564,4654
353,1294
4868,813
1478,493
327,458
1916,1230
643,2573
1378,2907
340,4265
735,4
2509,2369
3958,4348
679,1375
2176,694
4739,322
3918,1450
4561,687
3559,3744
648,2595
600,896
1117,814
806,1334
2032,1758
3231,1299
1835,934
519,2393
1409,835
99,127
4152,1449
1291,3746
327,104
4672,4513
575,1909
80,4341
3687,337
3465,1670
919,449
393,3927
3714,4250
797,2090
1197,4219
3965,4479
4810,859
3531,2941
3267,2879
4359,4000
4953,3724
4191,4458
1512,3367
2511,2864
4220,2341
3530,2741
1001,4961
1606,4311
3748,1555
2865,410
1278,2421
2497,2551
183,3234
4834,1370
2247,3644
450,1587
3810,2507
456,255
2315,3395
973,3792
4459,3513
4143,1470
3646,1023
3265,2733
1821,696
2598,578
330,4316
103,2854
1612,2847
485,3721
112,463
2684,3765
2650,448
335,3067
2903,4754
4670,2488
353,2845
2223,836
3331,4776
2256,2739
4536,3318
280,1506
4103,143
1812,2550
305,4518
1283,417
4725,388
792,2745
597,3484
243,826
1036,1248
946,606
3413,4217
2537,4522
3453,3485
4521,1548
670,1585
4448,1637
4063,3171
2820,85
702,3333
2983,4821
2523,3720
3066,649
1502,4720
1475,2090
3942,2365
3207,4124
2092,3988
4524,3214
869,2516
491,5000
1514,195
1243,1790
2498,122
2315,2832
19,3480
747,103
1854,4356
205,4111
2066,2132
2313,1357
4024,4572
4383,2631
2480,2669
1154,2387
4021,1770
2952,3843
3210,4000
1486,4489
1134,3015
1086,3029
2276,3100
3095,1074
2757,3839
1166,4117
3493,3822
2940,1294
2907,3700
23,3451
69,677
4321,198
403,1660
2732,3331
269,1738
4019,1108
771,4446
3065,3297
2646,3401
423,2386
3047,3593
1331,1281
1865,2259
182,1431
2369,509
3132,146
2782,888
1409,2204
1518,3134
2587,2629
1442,2328
573,602
4526,2344
4375,1201
4408,2270
317,598
2052,3153
1931,2873
3149,2620
54,3423
804,1990
3952,2815
3121,4497
1460,4666
1324,4194
2054,1086
2259,2268
824,4428
1666,1293
3784,2628
797,610
1333,4916
4797,3864
1352,3745
3109,4685
3605,3116
3183,429
738,1917
3537,2489
3782,3140
1488,2393
1589,767
3661,2470
4292,2708
397,193
4805,2274
231,4713
850,1776
3492,953
3120,4371
1852,2388
4385,1898
3833,507
147,77
2442,861
2927,1962
3531,2235
2346,2790
1963,4752
141,2795
4371,1918
1493,3783
2613,159
1747,827
3717,646
350,907
3283,4555
3875,2559
11,3470
2420,3616
4958,1778
1209,960
1242,1682
1334,1875
4143,384
3844,1256
4322,2777
2505,4959
2060,1427
4747,3141
4437,1756
4245,1606
1473,576
3877,4019
2529,774
2703,3565
505,844
2585,334
3893,2028
3405,4281
4460,2131
3675,4121
2184,84
4949,1959
1137,2260
4931,4380
4650,115
3978,924
3132,2707
1519,4035
638,1011
649,234
4701,3720
177,4312
2341,4529
2856,890
3690,1885
934,4784
3866,2242
3021,2377
1434,2835
1209,4774
3032,3579
3745,3553
40,3286
805,2725
1689,3990
4628,2271
4284,1975
1768,4909
170,2333
680,4460
4694,950
1964,1262
4516,4638
1106,2634
2675,2370
36,916
2767,976
459,4187
3345,4347
3728,3655
2677,400
731,1625
4401,2105
804,4466
2392,4594
1852,1245
255,4830
2020,786
1603,770
893,1300
3845,1569
2015,4878
475,2140
2757,1789
3252,968
213,3442
452,4830
636,643
1625,1839
3848,3293
1458,1646
2069,1791
646,4039
3896,258
1330,2584
3627,458
2525,3222
3916,4626
4567,2139
1911,1978
4377,155
3396,2405
775,19
787,4315
2820,4683
1241,2190
4655,1523
3014,685
837,1802
790,3623
916,1452
3419,2647
3949,1881
117,668
2691,911
3982,2288
742,1494
4557,252
1708,759
432,3528
834,3630
3468,1683
4229,663
4015,4356
2771,4727
4342,1718
1495,4549
1796,3230
460,2791
4888,3664
4377,910
4639,2509
4486,2928
2908,869
3226,883
3690,2643
1455,1922
3347,1139
426,623
620,4377
4229,1366
2584,3611
4601,1455
4066,3594
1644,3030
3660,3166
3190,3967
290,3742
4289,2206
4686,2567
402,2188
3950,445
4162,3816
526,4521
4552,2373
4654,3805
3523,4706
1209,1942
1978,3445
390,3330
861,3439
1674,1991
1709,1256
3341,3554
2438,3439
645,1670
865,1880
691,3461
2509,3502
306,1081
3057,829
1518,3607
2315,3208
510,3230
3555,1885
2925,3247
3648,803
1275,208
4152,3149
4177,4177
2377,1632
3894,3421
827,3473
238,4184
3746,3278
2707,2298
1594,3929
514,1013
3911,781
3684,1422
2214,98
4188,2285
2603,4295
2339,84
642,3356
399,4843
4959,369
1544,3605
3093,440
4712,141
3483,289
2905,4166
3216,3449
2831,3725
1127,1502
4707,632
970,436
4959,3820
1684,2601
931,308
3354,3380
1539,640
2825,3660
602,1310
2465,2146
1004,4053
3744,151
2682,3342
4253,2336
1355,1387
906,2482
207,2665
1178,990
1473,1195
973,4463
3048,4229
4299,81
1089,1287
3494,593
3011,3154
3545,1419
1853,927
3454,325
3921,3327
2733,3350
3584,291
4603,1842
1331,249
4667,4480
3328,3426
4235,2265
1581,1600
2708,2364
4779,983
1747,1369
3416,4844
3216,509
3475,1261
3394,2325
3192,2203
664,4208
2458,682
356,4828
3833,1996
3446,4051
1439,4359
2723,1332
4132,2828
1341,4858
1514,4024
3784,2743
4889,4543
3577,4881
2567,4303
4025,4023
4910,327
806,4484
2244,2282
1989,4349
463,3840
2219,72
4767,3949
2609,3804
3710,2052
2732,2261
2165,4136
2195,1369
4747,1701
409,3083
4542,3525
2786,440
2885,84
2299,2045
54,148
3797,1105
1567,3732
341,38
4042,1815
1634,915
3251,3575
623,2972
2463,4991
84,1559
198,1847
3529,3630
4522,2162
3061,2265
429,854
3427,2774
1986,1454
4150,3138
1462,2039
65,1395
786,2903
994,631
811,1292
1262,1844
2297,539
3634,1703
3748,1164
1571,3030
3454,2138
3049,4465
2336,4593
4828,2970
322,225
2717,47
315,3684
4641,119
1045,1622
685,210
4341,1119
227,4178
3702,2374
3808,1634
282,1180
4849,3114
3181,1881
2411,4918
413,449
186,2225
4171,2666
714,2319
3744,2515
3048,2645
1695,2661
1940,4118
4767,2182
3088,710
1351,3014
4651,4834
1295,194
2558,2907
4597,2940
1947,3051
1661,4569
3565,1026
4639,1622
4787,2680
4443,3166
3067,1235
3762,2987
502,4
606,589
2280,790
4528,28
3339,3113
4609,3719
1192,1832
1788,1604
3345,2905
1519,1720
1920,693
1148,1554
447,1390
1540,4404
3685,4591
4923,4769
811,715
542,1283
2392,4672
3471,4648
2259,3422
4277,3081
779,78
364,4739
1,1798
2470,3905
2989,4562
4165,2313
1425,3136
3501,1898
3885,4263
3926,4476
591,546
2109,436
3693,4689
3306,3840
4363,4845
2606,436
4952,1072
1012,2147
634,4265
1194,3576
56,4645
4906,3070
3236,1830
2228,2825
1544,2401
389,1719
3389,676
633,2547
185,2492
3610,4918
541,433
739,1165
4690,3057
3003,3160
1680,494
4126,3840
2774,2165
1039,741
4954,2624
4197,2608
325,744
3889,1214
4482,2222
4700,3834
464,4062
487,986
4522,2622
1781,3781
2000,1250
1391,1689
2814,1819
3853,897
1379,3227
467,3226
3675,3851
4305,1193
4636,3981
4434,672
921,4243
1881,4143
3528,2646
1988,4273
2835,2800
541,367
4552,218
1886,429
1685,3923
1286,2365
1290,2168
1604,1034
4051,1181
3285,291
4956,883
4275,1738
3846,4452
2854,1349
114,3716
269,4944
3908,1323
481,2568
3810,3003
2041,558
247,3972
4777,125
3307,1246
3947,2458
2120,4341
543,2852
3949,2960
2630,399
3315,4780
91,2314
4319,4036
3633,4667
4438,169
1851,4980
3621,896
3246,155
3692,4272
763,4059
3845,3758
4376,2218
4974,4175
2083,3512
4042,3487
3587,3080
4655,855
2589,1757
1161,34
723,2623
2259,3740
79,1542
847,4885
4039,753
4880,1452
273,292
4253,3076
354,2126
3873,1082
3095,2033
1207,2968
77,255
3934,2076
913,3035
2494,1050
4949,2442
733,2638
1207,1888
1796,871
2275,2696
3323,4820
1518,1533
924,4779
4967,3614
4470,4993
1820,3488
4034,4555
2551,2023
1046,3322
659,1062
3094,1120
1049,3450
1153,260
3671,342
4518,3100
1669,1662
5000,1414
2590,3014
1782,457
2666,1176
1923,4759
4520,3371
1708,1644
1762,2632
3039,1836
4627,1040
4318,1408
3090,3268
1249,4662
2133,1489
3920,1348
3792,4777
3251,232
4064,3993
3556,4962
2703,3446
2776,1377
2219,3275
2286,3584
4741,3492
2833,4635
1536,1194
4491,2353
354,4720
4846,922
372,4415
2252,1325
1738,4412
4402,3925
1775,1822
856,4633
2086,1706
2492,4527
4246,2688
2587,2362
1820,998
3528,675
2619,550
3032,2568
3471,2148
3375,4912
32,1732
4018,375
3406,795
3287,3127
1389,4615
617,1190
2322,2553
3992,1753
4728,1683
4475,2747
3379,4692
1154,3547
2538,2677
3171,930
1595,4745
2712,1446
2331,2197
3529,3319
3470,1231
1971,2846
1177,1148
2578,3213
766,380
3369,195
1298,159
2432,3072
2211,2948
2250,1630
1578,4464
27,2794
3959,2762
3116,3073
1733,1158
4962,1657
3359,3789
4128,1906
487,4278
4365,4795
336,3926
3903,1734
4742,1444
2093,4890
1032,3242
1491,1062
2166,3912
4136,4310
4853,325
2129,886
3003,1631
122,1388
1119,4979
1442,965
1428,3193
1848,2138
366,2296
4619,4916
4821,1266
2437,1670
4864,699
4816,1610
1321,2967
3805,104
266,1542
1351,2573
3265,3883
926,1140
1569,1907
3039,2075
1580,718
4867,3932
42,2770
3242,4524
1960,4904
1571,4833
822,3520
1095,2202
824,3260
4124,3394
3729,2785
2692,2070
937,647
3482,2301
567,3748
2685,3337
1874,3265
3991,769
4185,2992
993,3714
1639,4023
1182,4251
2041,154
895,4027
1874,1039
3599,3937
321,1418
2051,685
1945,506
357,3364
2299,401
4717,3908
151,486
2647,1056
3470,4695
4154,295
1249,4312
4650,4909
4754,3015
1415,4824
1619,3916
917,41
3794,4081
450,4075
3233,1136
573,2454
1001,906
2811,4191
576,1400
2998,4442
127,4011
2806,4066
3,2818
4089,3017
4505,3096
3516,3787
4180,270
1642,364
2959,307
1072,2960
2375,4116
2074,3226
3850,2080
2909,1295
4912,2164
4474,3602
1137,4076
4049,240
2829,1498
3088,245
3240,2313
3404,1563
142,3868
3489,3899
4236,717
349,131
2961,3498
668,899
912,2250
766,1626
1254,1424
1809,4388
2662,2786
457,788
3504,809
2189,1221
2811,1416
1824,3907
1241,1205
1966,961
3984,3159
306,3489
2599,179
3825,4020
3632,4123
3393,4166
3038,441
1938,3147
2736,467
1476,2304
2540,4939
401,1849
887,3999
538,770
866,184
2994,4309
2236,1221
2240,3404
1690,1551
4828,3577
3427,4681
3949,2749
4294,1560
3430,4694
2146,751
3198,1773
3121,4358
2594,1675
646,4571
2498,1859
2057,751
540,2008
3174,4853
125,4597
3737,431
2041,218
4929,4136
1613,2931
1027,4507
545,1691
3573,1792
567,3878
4919,1552
972,1295
4322,857
61,4808
2855,4565
2758,4267
1322,4879
3496,2007
2081,1911
4808,3047
2894,3528
3054,3191
3102,3319
3326,868
4245,3395
5,4245
2073,1014
1671,337
2900,2024
4627,4492
1832,4691
3143,4713
4747,3177
3779,2272
4032,4548
560,4157
1373,4422
1165,4962
957,2711
4228,2173
1956,4825
1322,1183
4053,3173
431,3211
3147,3079
2353,1150
3284,505
2910,1402
2518,906
2902,4963
2525,1012
851,4066
1569,3012
3865,125
1054,2697
1908,2393
2557,2009
467,2608
1512,4886
681,2698
3410,535
4008,4550
3786,2974
2196,3476
4529,2740
2639,3318
4072,4954
206,1274
2358,573
507,4973
1077,3843
4265,2210
125,3888
400,1023
4536,4282
1126,4802
651,110
481,523
3742,2498
958,2859
1337,1599
3862,4332
1863,429
3049,3917
615,1783
734,1624
3858,1531
568,4174
1674,1633
4304,1823
4434,1744
3789,2198
1255,4487
2093,3469
1487,2059
3700,4340
258,3886
1611,2562
2534,1388
3874,2816
3101,156
2795,2096
3427,3912
1675,3341
3334,2354
4297,3052
1735,3726
3092,457
356,4975
2030,879
3154,3785
75,685
3348,223
1936,2527
1904,2192
489,872
1189,2452
4736,4075
4716,2760
2800,2732
3461,2629
4363,2377
22,3457
1575,1785
2227,3333
2740,1543
76,4615
3481,3084
3583,1772
1503,2122
2423,4361
1274,3526
2937,1469
4290,3904
1973,1068
3602,272
2134,4224
3009,3227
624,679
3932,674
3084,529
2294,3413
1208,3442
602,2732
991,442
2453,1565
3496,4286
4737,4688
3748,774
3505,3234
5,3135
1599,4778
4940,4980
1321,3061
2730,4794
1933,4453
295,4480
1759,4790
3417,4735
2766,2738
2818,3589
4602,1081
32,3773
4616,4182
4036,4768
1736,2124
2685,265
4427,4959
1627,1554
4571,897
4357,425
3430,3790
959,1670
597,4427
1868,2777
2824,501
3555,2511
1352,3260
1930,2318
3813,4894
4306,3822
3791,374
1899,174
4650,3992
3972,376
3456,3063
687,4207
1467,389
3824,3187
4251,4520
3208,4005
2738,3375
539,1285
4157,3053
2545,1022
2755,2177
277,433
3649,737
3786,1483
374,2961
110,2401
838,2860
4030,487
3259,2018
2022,2601
4760,749
2732,4533
3222,2929
4925,1346
3729,2879
3181,4425
3892,699
93,528
4181,3844
2341,3186
1467,4771
1559,3716
1509,334
3428,4714
2735,1155
3477,4515
86,2846
3593,3069
2563,3267
1937,140
1324,3740
1057,2797
2471,1924
3853,365
153,1860
3375,1087
41,410
1626,2311
2953,612
3613,4294
242,1065
2874,4552
1482,4144
2614,2161
2839,1766
2281,4842
266,4932
3377,2771
1593,4880
3703,4689
196,3521
2788,384
369,361
1588,4176
3638,2333
2415,2131
3531,1247
1652,1109
1077,2090
521,2866
3020,1985
622,2425
2524,190
4878,1482
496,2565
4315,983
3334,192
4425,225
10,199
2070,3956
1200,5000
3361,2558
3941,1000
4218,3640
2172,1895
4545,3864
4131,4351
2843,4053
194,3950
1396,572
1264,1558
2385,2196
3286,1016
3359,2035
4261,2963
4484,4591
104,3793
3178,784
3540,3627
4039,4554
4338,1217
770,4079
2406,1721
716,1564
4260,4381
902,4128
4199,3541
0,1734
3436,3316
703,673
1313,1397
3092,4987
2587,3643
2620,511
2033,3324
1816,1889
1974,1386
4290,3559
4497,1537
440,158
4073,4675
794,4532
2022,2974
2787,1166
1941,1245
457,1640
3536,2800
180,2779
1109,1531
2192,4634
2681,350
3874,1036
3862,75
4524,1671
1096,1748
1638,2915
2606,4162
4276,1491
1918,4842
4209,1738
2091,967
3133,4165
979,278
328,4021
873,1938
779,295
2307,1672
4909,1030
3467,4759
4364,4747
1433,4862
4798,4478
1580,2669
2997,3210
1052,2435
3900,4765
2042,3989
1512,3824
2878,757
4316,2959
4360,869
3842,851
3701,4036
2147,244
4474,2187
410,1039
2708,2621
3072,53
2433,4721
4881,314
2634,1988
1028,1181
218,3216
1645,1459
273,2617
3657,1375
1263,316
3308,1072
1351,4475
2341,2159
2824,602
3479,3607
4293,3890
1333,4415
3281,441
4055,63
54,3627
2383,3449
1960,2921
1667,778
2389,2626
1370,3851
3500,609
4766,3074
342,3659
3215,3493
527,679
963,2375
4929,3516
2302,2668
189,3602
1643,4068
2315,1448
3627,3555
3790,675
3651,1159
4132,1067
4069,2939
1036,4650
579,3543
947,1596
1572,131
624,3023
2260,2258
3499,156
3744,2200
4434,1360
3004,455
2192,3739
2211,1438
3918,3188
557,1079
4215,1911
2218,3738
847,2751
645,2102
2059,3559
932,1256
4266,149
2832,1221
3223,3555
1635,4539
3307,2333
2670,1573
2989,2739
4916,2973
3846,4456
4206,2428
4143,345
3337,1077
2116,203
1448,4460
3460,2584
1928,3052
1655,453
1417,2454
4427,4259
3212,3296
2688,1707
745,1048
2597,650
4828,3369
21,2131
4254,4773
2315,3143
2857,2214
2179,1882
378,2789
405,597
1053,3079
109,473
118,4961
3018,2024
4805,3215
1623,92
1666,1818
35,617
2534,4723
1252,3835
4651,2786
945,4014
4953,1038
1869,2298
2254,4791
2719,1193
4538,4128
4795,2604
682,4018
1021,1578
4635,3781
4010,3242
4757,2750
4310,2415
2855,4827
1509,2455
3390,499
1981,1037
3659,71
3113,66
1097,1097
4000,1380
576,277
2425,4601
948,484
4339,2577
3032,3925
3140,165
1384,805
4558,1173
105,2752
1965,2567
233,1083
4675,255
1674,506
4747,1199
3276,1774
3391,748
837,4036
270,4860
1390,2597
4514,4542
4133,3588
1738,1267
1616,4934
4801,3091
4240,3406
4610,838
2572,1513
3665,3220
2928,1986
4483,3773
2164,4637
4329,10
3455,1022
1169,4911
636,2040
3066,3288
1608,1371
1807,1489
2493,3900
74,4609
3578,2336
1957,618
3240,467
236,2305
1635,1184
960,1415
4849,3775
3222,3082
2260,3795
896,404
4902,2508
3731,1988
1980,1005
1915,1180
4599,4741
546,2814
1551,4846
719,4743
4096,4924
4951,3790
4793,4706
844,3170
780,1073
1638,904
4351,2868
250,1174
712,2540
3028,1784
3494,3473
395,2234
4915,4382
2016,1161
1124,4685
2654,3702
786,4997
2585,4812
1486,4690
2533,2182
1703,3700
710,2960
91,354
3402,977
4937,1610
1354,3972
1466,1848
2173,2889
1787,1472
1779,4568
4429,4249
1336,1613
3708,595
3463,2400
3362,2959
1018,4227
4636,1546
4808,2896
3744,4191
1391,4027
398,4296
4034,131
302,1377
4978,752
2705,619
777,1344
2362,3252
3400,2550
1591,3202
3694,4445
381,503
1381,409
444,1733
1332,1424
3464,1588
3314,2297
3877,3558
164,109
3178,3027
2235,1436
3082,2249
1553,2557
1344,864
1876,864
3737,219
953,364
4258,181
2948,2838
1158,2727
880,4518
4234,1890
4274,51
796,3969
666,136
1844,4987
1868,3564
902,979
2137,932
3852,3176
2827,2622
892,4110
370,1847
4478,4745
2145,2519
3290,4343
2760,398
146,178
2975,1854
348,2507
2176,2694
2512,4597
4155,1584
1191,4280
1424,4146
1876,1087
1777,1380
4444,624
3659,244
2417,2312
4841,3277
4564,62
2826,2168
3108,4942
3281,3899
2727,1605
905,3821
1168,1612
1933,1563
4476,2695
4382,1800
7,1992
3446,495
2384,635
2167,124
1096,2522
4675,1031
4616,2952
4729,83
1654,1073
497,3064
277,1714
3957,2920
1072,3502
4178,1315
1941,1877
687,1117
2880,3412
859,960
34,2251
1651,4500
4981,1736
1718,1730
3419,2
4661,2513
2708,1933
97,4718
3037,2292
513,1611
4697,2430
2277,1986
4999,840
843,127
1902,1956
3600,4162
4915,1529
4022,4675
3045,782
2798,3529
2160,2011
2900,3405
399,206
1850,3992
4299,711
1687,1875
1301,451
3149,3545
3494,1610
360,675
1355,3124
357,2884
4420,3
2413,2194
1973,3282
4101,4922
3280,3841
900,56
1643,547
2236,1160
2600,1538
643,691
3972,208
2337,210
537,4324
3721,538
4534,2114
2989,1120
4594,3085
861,3039
1424,1591
872,2120
1103,552
848,2388
4205,590
4557,147
4405,1442
1316,4655
1522,1547
3201,969
2246,2966
2593,4165
3496,560
3694,3243
1289,3425
1540,106
4787,967
3965,4664
526,871
4235,4378
3801,2218
1566,4176
171,1000
2479,4549
2143,3641
4207,3079
202,789
4924,3720
4611,34
3698,1975
131,2014
3554,1425
3600,575
1956,2234
447,2715
1802,2433
3282,3157
3850,2280
3051,2130
3029,2280
1923,3036
1048,1425
353,616
1001,2139
2727,1394
4287,2672
1574,425
3865,448
2799,771
4356,3173
1020,4010
3611,157
916,4154
4961,2938
1323,4375
771,4971
2063,3719
3901,866
3868,1681
4292,386
367,4463
4356,2170
2067,796
2151,4808
831,2319
4196,3781
1499,4560
4704,51
4921,3444
1964,1631
3873,1724
3512,4543
2486,3114
605,4857
613,2201
1439,197
1303,1590
3016,461
2586,1527
4664,2145
1679,263
2894,2030
4530,3883
3609,1191
4462,4502
1892,1709
939,2615
1362,3708
664,1710
4989,3150
1125,1547
3327,4071
1460,2655
4052,3473
226,3101
2012,918
658,3219
690,534
1030,1286
4927,18
1056,4133
982,2985
194,3934
3309,1670
1849,2692
3823,31
2290,1950
2500,4991
33,567
2393,1035
4119,2237
4851,4488
2889,1544
28,4275
4661,4616
72,591
4577,1152
4062,2125
2745,3466
319,3117
4934,359
3500,4758
3893,990
4010,2207
2433,488
4378,4352
3546,65
3826,3980
881,2469
4944,3419
2982,400
1358,993
2367,41
3912,423
578,320
4681,47
826,417
3476,914
410,2870
2640,4120
1998,2177
1141,2127
2002,1694
4723,957
1399,706
3473,62
4722,4707
3884,4203
598,4023
537,3281
2395,4903
1622,2654
4167,1696
3251,4940
193,4275
404,1036
2780,384
1216,3575
4217,2076
3714,2006
1355,2036
2088,2769
4926,1059
2288,2074
1435,61
749,211
4794,2633
3364,4143
3734,568
2642,2027
2942,2491
2805,1552
4821,4135
2011,4569
978,2168
4668,756
1545,4417
531,1639
3161,4506
3713,2585
2872,1320
4507,1555
3700,1443
365,452
2305,277
4061,1967
1935,2783
3410,3815
242,491
94,423
1586,4449
2327,710
3565,3578
3323,1443
1469,4688
4177,966
3196,1562
1674,2573
1144,1075
4314,3497
2158,1367
799,3127
1441,2168
668,3877
4892,773
2717,209
3766,1770
2975,91
332,734
2362,3066
1555,1921
4205,4177
4641,889
4341,4342
776,1997
1379,3875
2305,478
2667,3656
46,2119
4912,2834
4940,4301
1194,3457
4180,4045
538,3680
2584,3245
1620,1075
4019,2290
4752,2992
1326,4112
3371,2366
2606,282
2530,2952
4506,1102
759,4734
696,4185
1904,2071
2179,363
1630,2296
1478,644
1370,4721
1942,864
1813,363
297,64
2794,577
2497,2069
177,4281
2925,4818
3027,507
3646,2617
4923,4847
896,731
2695,3560
3171,2712
1821,2845
2242,2831
994,351
3436,4194
2864,2724
3593,4053
342,4852
469,2095
3491,4165
4320,3942
4734,239
1127,3225
4592,4169
1150,461
776,218
51,3032
1603,938
3278,803
290,3696
1966,4045
228,4116
2855,2793
2295,3785
394,3737
3636,1291
1184,181
2182,1590
2288,1183
4263,3863
2030,3712
3249,1148
3332,1950
2432,4728
2648,429
4407,3648
1269,378
1728,4482
4988,300
4985,1516
501,555
1807,4718
2279,1367
4596,2137
2931,4159
1159,2012
2951,2538
825,1343
3305,3677
2015,2469
21,4094
4245,1737
4455,224
1636,4450
530,995
2130,3510
4924,2523
3039,2742
3798,3993
476,3601
306,3075
1012,2529
1462,1673
1504,2380
1831,806
2325,1001
3558,1740
3642,1257
4840,2783
4591,4584
2139,4405
4875,1342
3935,1880
3743,3537
1755,2287
435,3415
496,3991
4495,1446
3546,117
4522,196
2817,2001
2000,3216
2215,4069
4209,858
4034,549
2441,3806
1546,4064
4221,4664
2551,4920
1430,4123
3368,4098
4540,1860
4489,4900
3309,2804
3590,1240
3046,3952
703,2196
3550,4701
2634,90
1286,4205
4986,2198
4820,2317
506,3903
1459,846
3059,3762
3222,3235
43,4775
1380,869
2937,2930
1161,1069
795,4690
643,2304
2643,4078
4618,3269
3064,4208
4342,2153
1170,4875
2306,3271
2503,4918
4383,1797
3197,3717
4262,4047
3251,1771
4702,3469
2324,618
3198,3152
1785,2577
2920,4246
3353,990
2950,1476
1440,3076
4753,2954
3286,2578
4333,543
735,3241
382,4229
2171,4871
1788,372
2352,2155
229,2869
237,3351
4233,4746
2692,3242
3008,2355
2887,4498
3381,2367
2026,2666
314,717
1075,463
3672,1709
3053,2735
1105,3280
4593,2654
2998,2042
1832,3630
2348,1507
3486,4774
2723,3054
1006,1230
299,606
3528,3461
141,2096
1968,535
1722,3102
4941,2114
1761,3723
4692,1595
2034,2216
1845,3060
3576,962
4384,340
3688,2791
1942,4131
821,3915
1403,193
2248,1127
2396,54
4650,27
3792,3722
4667,4133
1079,95
948,3029
4483,3576
4061,1333
1029,3023
2636,2194
2984,233
747,1612
4460,1152
3658,3793
220,4722
4417,932
468,700
4732,2992
3915,4471
4242,2419
3017,3294
1133,1026
3528,3906
1082,1751
1329,1977
366,3010
3809,334
3107,1449
91,580
3932,320
3581,1273
2422,3703
4171,538
515,1599
142,2776
1156,4512
474,4071
4016,4373
2264,1422
2714,1803
1779,4680
2006,3824
3568,1640
3759,590
625,2715
3436,2790
4841,1092
1767,787
758,527
984,3503
4088,228
601,1365
4642,326
627,1825
4311,3879
4147,4244
689,2155
2568,2616
3020,2683
2602,1888
1128,4372
4062,1538
1528,1806
1104,3095
4329,3009
1783,2456
3334,3729
1810,1808
4247,776
3005,2033
3283,3201
766,3597
3835,1288
3406,1483
4906,420
3012,109
285,3133
48,1510
427,2610
1446,4405
4839,1500
1819,1681
807,1261
2227,3013
2278,558
663,1340
4445,2898
3739,1276
1516,2445
968,580
3487,4384
2671,3162
610,1686
3519,1251
2150,2715
739,2527
4300,2002
2981,4990
3131,4919
3389,3742
1554,49
3164,2531
3983,757
1880,4394
4050,3453
449,1564
3499,2038
4843,4381
3872,2311
3565,1495
4613,4145
580,2723
969,1596
4839,177
1189,1661
3869,4924
172,4018
4776,4777
2702,1328
4577,316
769,3569
3653,2913
3342,4698
1198,1067
1055,2639
1318,4946
4477,4741
4741,1180
1904,156
3983,3391
1202,984
1561,1572
3532,3566
985,4875
1234,2239
3958,332
4343,3792
915,4841
1577,4222
1958,4779
2037,45
1628,4043
209,3572
4913,1934
3860,1979
302,2976
2666,4562
318,0
2751,763
4819,3144
1534,654
4305,2538
2832,4043
3003,1845
1144,4174
3426,2513
3768,356
382,12
4207,2740
4787,452
4482,1298
4423,2000
2141,2790
3299,272
418,665
7,1813
3368,845
795,2652
4009,2525
1720,1717
4928,3279
121,3886
3085,954
4957,2179
13,2686
3642,4402
335,3556
4704,4167
4677,4848
4059,2430
1994,256
491,692
217,3085
4979,652
3949,3
3554,4219
1338,3343
1602,316
1515,2859
4136,856
4450,2793
3272,3439
4801,3192
916,4497
3453,1406
1305,237
4525,1288
1773,1932
864,4429
2720,2554
4406,855
2783,706
139,4821
4648,2991
128,255
4619,4742
2801,2780
179,3143
4744,998
2387,694
2731,4332
1811,2947
3722,4304
4366,2430
3516,2336
2770,3850
3694,3676
1870,807
3620,1913
1310,800
4764,1630
483,2642
4342,913
3482,1358
2827,28
2064,888
2165,4810
3865,1865
3713,1199
275,4543
615,2895
2306,381
2544,963
4027,2745
4978,1432
387,2485
635,1571
1179,894
3295,4963
289,3338
545,1755
2762,111
4844,1162
825,1891
556,3130
3112,1394
2718,3407
1649,456
2282,1071
3049,2584
2798,4239
3231,4942
2993,3666
4342,461
3852,2262
4168,2015
3759,3483
80,12
1940,1617
2159,2092
4205,857
37,2370
1868,343
3240,2941
2553,3034
3739,3311
798,2811
2978,3778
3763,1015
617,139
4944,4039
4546,3168
2087,3724
2520,3926
2377,1351
4501,826
3039,4670
828,3280
2174,901
1317,1103
4163,4869
4664,549
277,216
4647,798
3058,981
2963,3257
2142,3509
1073,4959
1147,1893
968,2455
1377,1850
1469,2621
4992,4373
2669,856
2173,2634
100,2512
2912,3552
2268,390
4276,1733
2126,273
4728,2461
4065,2432
57,529
2825,494
4070,4852
1492,942
126,1069
1893,9
1577,470
4676,3882
3211,4738
2241,446
1682,1184
2670,3444
281,2870
1032,2542
1856,2487
2883,3586
4159,1117
3208,110
1624,2680
3686,929
1715,2021
4082,1287
1989,1171
120,1778
3504,2414
101,3233
1561,4025
3269,659
4226,3940
4980,2175
3499,3739
425,1832
2754,3615
829,2003
1198,2924
2746,1545
799,1052
1639,1361
863,922
1850,2796
2797,4832
1464,2455
34,2615
4001,2319
4976,1366
437,3050
278,4853
835,3228
4158,1580
2673,4622
4808,2116
496,3795
3445,1073
4904,3509
3051,965
2261,2036
2700,2275
1526,4863
252,1398
694,3380
3163,3600
3814,3398
2390,3262
4412,261
1642,1036
2043,811
2488,2290
1324,107
2219,3724
875,2292
2417,225
45,1787
4574,1205
1292,14
2621,4418
2297,3844
2043,4952
252,3536
3342,2264
1288,4735
4416,2164
4586,2516
3195,3674
4778,3313
2992,1057
4535,4665
3052,4068
634,500
2327,4951
291,3231
3305,848
2504,4469
3529,1409
1527,1618
3053,1818
1282,2517
3693,2211
3318,788
3368,2291
2647,201
455,3539
4751,4607
2225,2549
364,4852
4632,2739
3404,4618
1589,93
675,4707
3460,3856
4893,2496
3203,3219
4061,2974
3587,4454
4020,4765
3003,1109
434,4760
2635,189
2425,3241
2203,766
4343,3916
1709,2066
4313,353
4493,2889
1730,3696
2898,1416
681,4173
4664,3605
53,616
4812,2960
475,3650
4819,2631
235,1082
324,463
4755,1630
1591,3361
317,1415
2717,1691
4996,803
3792,2740
3048,3139
1709,3395
1204,2032
2173,3589
3212,3791
3631,1449
3812,1477
3552,3497
4885,3667
70,225
3592,1855
3600,703
4397,2811
2629,2215
4908,2006
4029,995
4580,3920
1981,3188
1874,4468
3381,1661
1879,2457
2772,3798
2538,2259
4540,1635
2414,1538
2510,903
349,3815
2648,1175
3433,1559
2843,1092
1961,252
2255,806
4777,1628
1862,3939
2855,4345
4378,1297
3722,1145
4955,1278
1673,3668
2848,2382
4824,183
22,2056
1947,1420
1362,4714
2822,4869
2053,2596
1328,2243
1805,1594
4393,3461
3817,1086
2193,2705
3829,260
1562,1332
2960,2200
2157,2558
4315,1029
2159,782
838,1358
2124,4930
3624,4818
4370,3630
1606,4092
4440,2579
4677,3928
3398,555
252,4432
3273,1696
4360,1843
2845,2474
4270,2180
1296,1804
3330,1224
3618,1493
592,4443
2604,386
3778,978
3790,4898
1128,4966
1987,1142
4967,327
4571,2879
3131,4745
4178,1696
4489,1698
348,179
714,4875
19,4746
2531,1313
493,2134
4571,2238
3179,545
4181,4235
652,2010
3207,3053
1356,1550
2358,721
4867,4555
1382,2940
3678,4602
3152,3985
1617,3367
324,2569
2355,873
4990,1195
2664,1342
3510,119
3092,2551
2375,4324
2885,322
4613,1345
1117,340
4801,4167
1939,2509
3830,807
4867,3950
4018,2329
4554,1695
3847,3338
103,1143
4847,2135
4637,4077
2034,3284
1004,164
848,1410
3374,655
3364,4913
374,282
4292,2167
4117,1316
2196,4586
3913,4334
4760,4681
3329,2332
411,3140
4062,3685
4337,3165
133,4996
649,4780
2015,2316
1418,2968
1124,564
3935,3192
2453,1707
4901,4029
3326,2125
56,172
1456,2652
277,2233
4287,1987
1683,2539
777,3386
2648,4362
3524,4538
2318,3663
4796,4768
3724,4817
1807,3748
259,1972
1501,4577
3213,751
285,494
1442,4218
4116,4754
2059,4940
202,2175
3977,2520
426,4237
3119,3239
2508,4704
1406,301
435,720
3343,1883
1343,1170
4504,1177
1903,1530
3228,4773
2987,4075
808,4150
1700,4345
3777,2614
386,4330
1224,421
3365,462
3121,3759
2648,3299
266,3410
3270,1063
3258,3207
815,1774
2529,3954
2215,3713
4095,4783
1342,3440
3774,2219
2662,4993
1931,1114
2878,4250
4722,2602
1273,2371
1349,765
4677,2536
4803,2715
366,1287
2654,3533
2809,2267
4707,1474
1407,3254
4678,2223
118,1574
1578,1868
3641,504
4583,632
264,3420
3731,1037
1126,3362
1776,1697
2885,2207
3000,2159
3756,3444
2122,670
2229,3455
3083,1752
4712,1663
1975,1603
2618,3459
3946,4299
2676,4584
1325,1350
4132,2297
4383,2497
373,1558
774,3286
2824,4917
3978,2971
3272,2413
1952,1060
2006,568
4994,4177
2539,4120
4926,3758
1114,498
1091,2788
3464,1149
2874,105
766,2001
3338,38
2986,2605
3876,3250
1264,1657
3895,1519
1707,1874
304,1008
2432,1313
4979,2718
4338,2295
1730,2839
2703,2676
3371,2129
139,2073
4936,4757
4374,1863
3134,982
4772,2183
444,1224
1229,4865
3475,2026
1015,3391
2956,1565
2425,4527
97,952
2901,1978
871,2451
3006,3265
4648,3181
56,1249
4503,1516
3850,2244
3477,3730
4638,3824
2893,4250
393,206
116,1351
386,2158
4436,1012
2388,3004
4651,3051
2003,2703
2676,3969
4524,1687
673,4836
4808,1514
2962,2264
3250,3634
2357,4873
3090,4166
770,390
3455,3222
77,1779
4617,858
4983,570
2132,3877
3713,145
2614,1755
4997,1306
556,2739
2634,333
4991,266
3667,4065
3859,1019
2605,572
577,2748
4817,4977
581,1225
1775,1548
3256,4758
2707,434
1574,3583
3372,621
4740,3238
3174,4396
304,1258
1550,991
4339,1667
4375,2148
4543,1833
1056,2046
3496,422
796,3021
3976,1153
691,4992
3424,2281
1987,2836
2952,4202
4779,451
883,2775
4536,4520
4528,2057
559,385
4954,3392
1010,848
4545,4152
4268,2693
1902,3755
1442,2391
3667,3533
3100,2717
3074,2937
558,3572
127,3620
1845,1354
3278,1015
2264,1429
1625,1390
253,2216
4191,715
4089,4537
4135,4674
4559,760
3363,71
130,2738
4880,777
4115,2153
4455,3421
1214,1657
3982,117
3096,1194
361,1243
1000,4590
3518,2595
1217,2359
1136,2447
3333,744
3470,1525
3771,4512
1224,3074
1801,173
2266,4740
1421,845
1062,4893
2293,166
4139,3152
2593,3825
912,4348
3004,2057
4223,4366
4628,11
1582,4194
292,997
3551,1068
3053,978
2831,1725
290,1189
1559,122
2988,467
2930,4275
3878,3664
3311,427
15,1163
2024,3159
4527,700
4014,911
4208,3462
1504,761
2705,4180
1906,745
2725,1788
1064,1741
1376,4604
1479,3240
2759,4760
4984,4352
3541,4873
2203,399
4382,4288
3961,2269
4269,2172
158,1697
4367,288
1745,210
263,1501
4275,2005
879,4614
401,2210
279,121
3486,542
736,4368
260,3659
936,1418
3228,1488
1593,3722
1230,3839
2463,2951
105,2645
895,1416
3063,3482
3298,4762
3643,1652
3174,2710
880,1351
2599,3663
4495,962
3682,3247
3907,4059
4570,1038
4356,2071
962,2970
4269,664
2731,2753
499,1582
460,3844
2815,1449
3636,2319
4941,905
2528,1693
2086,872
805,3615
68,1838
1393,4668
2459,3458
4364,1865
2539,655
216,2767
3188,4554
3122,4385
236,57
4191,4934
4293,1095
1427,3781
3195,4052
2318,583
1822,1414
4242,3853
3702,1714
3252,1926
348,3917
4869,5000
3458,2247
3723,874
608,1960
260,788
3088,682
143,4198
393,1743
2279,1630
4714,3303
2945,3480
3364,413
3506,4560
1594,3319
2563,94
1009,663
1565,1045
2364,4063
3349,2243
1133,1457
4967,1571
218,1519
4437,1637
1486,4226
2219,55
4778,4340
2656,3222
1216,3754
1736,3702
4602,3768
2003,619
2498,4980
1285,3512
2011,4809
678,2774
2959,3038
2595,1051
3441,3698
2363,3237
2606,3244
685,1818
2941,3901
222,332
3497,3660
2291,2830
1872,703
3048,425
345,3743
3773,4661
151,1768
3803,3454
1205,3924
529,3756
1343,4986
1309,4889
595,2668
4058,791
1449,4934
3396,3525
2147,2746
216,1596
4374,4134
1005,4208
2715,140
3548,2447
2948,2147
816,4606
1783,1618
3520,329
3528,3787
3658,409
2543,3595
256,677
3126,314
1504,4315
2314,1937
1628,2009
1628,1924
2583,134
417,3746
1390,1438
305,2304
2887,1700
450,2963
1952,2849
1615,4603
4535,4175
1442,2305
1604,1260
4335,731
3488,4796
3541,3018
771,225
2148,3267
2534,596
2292,239
2992,4057
1280,2765
1737,2054
1298,4001
3710,124
1324,2311
3030,2008
3916,2503
1042,1596
3931,3774
842,1808
4704,2007
344,22
2506,3865
3527,3314
523,3552
4932,47
1078,4943
3227,4946
1110,831
1264,3928
2168,2484
3249,998
4397,158
2369,4642
3470,4892
2099,384
1861,2914
4495,4580
1637,1459
1682,2923
3180,3398
960,4314
824,1341
2299,1173
4002,98
3549,2583
2044,3324
371,1727
1375,2218
441,2633
4513,3037
4930,2473
3748,2329
4743,2983
4530,2228
353,4777
2469,674
2481,2635
1559,1709
2841,2909
1505,2753
3806,3113
1380,1255
3490,618
526,1048
2608,425
4140,4701
3339,4183
4416,495
4677,4700
3863,4136
4909,1935
628,528
3133,3816
4146,4211
4668,4509
4113,1345
1808,2691
4469,435
2265,4350
4815,2326
4767,3061
2982,2630
1555,4404
810,4823
286,649
2559,729
1170,2093
4576,576
1147,4284
2971,1001
80,4041
910,2882
3668,3659
4169,1760
21,1590
4623,1712
2541,2481
605,4473
1569,854
2831,1411
1025,3846
3098,3419
3342,2262
2450,269
376,4964
222,3838
1368,4597
1506,1742
3633,4367
3118,705
2530,1131
2565,817
4298,330
802,4226
80,548
363,1300
2600,1211
3589,2326
506,2293
4662,2357
1721,2477
3537,2903
1351,967
4857,3911
424,4002
3992,92
3653,1147
949,3822
4363,1100
3799,3537
3245,2687
5000,2785
4397,1074
3235,4019
4640,1489
1837,847
613,3031
747,1843
3688,3737
4218,3992
572,4353
169,3628
905,1375
1297,1428
363,2539
1085,4709
911,218
4148,1587
4738,3863
319,2474
4062,3305
4222,707
2589,971
1139,3742
879,4164
2117,3963
512,969
21,2004
940,3383
4910,4800
3060,2846
2927,2020
870,1520
4494,149
4661,4582
4662,3443
4171,2786
1028,4414
2563,4696
3381,4403
3563,1899
1790,1138
1455,88
508,2906
3422,4508
2095,3690
1829,2936
1970,2385
4619,2628
1589,1305
3358,1125
2097,1291
2847,488
2770,2191
1087,1035
3776,3520
1321,703
4836,1027
4543,2655
4737,102
3632,2178
3203,4137
3064,54
2581,1707
3480,1185
50,4553
2128,2158
4693,763
3567,3807
4721,1800
828,471
512,3156
4437,1318
4895,575
3008,299
2296,1026
2024,2669
4002,2385
1926,278
3224,559
814,522
3703,931
4644,4650
1372,4697
1997,4772
3367,845
376,2778
3151,2586
3692,4623
2218,4689
1572,2566
1270,2327
1246,1080
2611,2092
2709,2036
2637,2426
1956,3507
153,2038
1429,2839
4282,3184
2926,257
3562,910
4120,1879
55,2729
4923,1524
1555,2810
137,4227
2609,446
532,3724
1450,145
2622,29
978,3230
2108,2364
4535,2646
2246,1178
228,2162
2376,3246
612,3108
4786,2749
1489,2717
2810,506
4726,4541
4294,3088
1593,4741
689,4105
2693,2707
2246,176
540,2311
4338,2434
4642,159
404,4813
2434,2689
1060,1149
4265,3939
2810,3288
1328,2996
2129,1823
420,1831
195,512
3179,284
1380,4018
2213,2074
2462,3778
258,3841
3150,1549
4465,3033
4903,2076
2775,4214
2690,190
2530,4008
327,97
2242,2853
109,967
3691,3696
422,3274
976,3224
2134,3159
3561,804
1942,66
1378,2830
4355,1400
2931,1860
1097,1907
1983,4732
1336,2192
1739,597
3510,3149
4830,4480
908,2253
289,3270
3091,1182
99,385
989,3935
3907,2751
4930,3323
1081,1145
2465,2239
290,3577
3026,566
4218,1113
3975,1309
1010,4212
1056,97
4025,2638
3484,3115
4588,2371
773,2145
590,1099
2286,2072
1875,2128
4162,4906
2697,1594
3525,331
455,296
2714,3615
3839,2761
232,1987
986,920
3739,250
4900,3501
4297,4371
74,2655
2670,4603
495,2847
2859,3533
4392,1445
1877,4500
2337,496
1333,2985
4133,3194
390,1851
2655,3238
2643,1870
3954,2911
2810,2431
4202,2224
695,437
288,4274
2000,3173
3316,3368
4668,362
4556,1271
2399,3570
2462,4841
614,4368
1296,1367
2787,1744
2507,555
4114,4062
164,187
3625,2067
857,456
654,89
1219,2645
2763,4285
2828,1251
4298,556
824,2008
4003,327
766,2174
1975,865
2923,4655
893,3654
1376,783
560,3067
885,1647
2446,3782
4940,2926
2102,633
2975,4261
1368,2406
4226,606
1188,4819
4603,2410
3531,367
572,2362
1612,2987
3263,987
2249,3760
2118,3107
2616,2126
360,1560
1505,1603
2112,2088
459,2638
4431,2972
688,2777
678,2362
3158,4383
2940,962
1405,773
4255,1740
4654,1041
2894,1950
1588,3036
144,3124
3692,3036
264,3129
4122,3574
1205,2201
1187,3083
3757,2180
4749,2789
2752,742
1414,3010
1169,3584
571,3701
1647,3290
3268,3894
4596,3635
248,1880
2539,305
4829,3470
780,3125
3165,4738
4132,1880
2847,229
1083,3267
70,3352
1700,4848
3971,385
317,1463
412,727
4873,2770
3403,2250
4248,4598
44,4823
1136,635
818,1100
4931,2177
2947,633
2408,4894
922,1082
3224,4595
3846,3558
1814,70
3202,3170
2076,1842
4679,3281
4423,3489
3996,1979
4977,4033
3282,4728
149,1474
2087,910
4111,4175
1850,1543
1441,4443
289,2945
545,2839
3330,3729
2754,4958
3754,1341
2447,4611
70,4937
2341,3568
3296,3480
3183,173
3319,2482
1926,2360
2351,143
2295,140
2188,1047
2517,1097
657,3734
892,3036
2074,1761
3632,4436
4516,4068
2947,1166
24,1327
131,1929
3761,2612
1296,1631
1712,838
729,2694
1693,2546
2639,1652
1147,3813
1465,4560
734,2424
1414,3245
857,2170
4036,3134
2550,4336
3115,3236
328,2337
4191,492
1009,4630
544,398
2426,959
2778,3759
3121,3732
1902,2529
2516,4991
1111,1040
1134,1471
1694,1317
2385,4116
2149,1606
1089,1583
4137,153
3340,3433
1308,4435
585,1193
3841,4828
2965,4712
3885,3458
4121,61
4977,4741
1353,2307
2363,213
3632,1975
4014,3318
2573,4078
2513,1462
4826,2335
1400,3814
4117,51
2109,3649
732,4206
2161,1892
1900,1201
3698,1500
4833,2133
1559,208
2515,1709
2561,2784
4246,2363
4492,907
1016,4456
2075,340
4266,1885
4694,1645
1249,4168
334,2942
1364,4330
1461,619
1691,1337
2628,3827
1902,595
4717,1481
999,2582
2037,4935
3769,660
4504,1150
3035,2161
1983,3506
2473,3981
4706,1937
2656,2474
1927,1997
1424,3962
372,3615
1394,2821
2659,3329
3263,801
1672,260
1153,1175
1067,2274
2126,524
254,702
2439,84
4614,4871
1540,4698
1746,3279
1930,2771
28,3652
4724,4554
3778,1706
2372,1993
1528,488
1661,3696
3431,3950
3811,887
1139,1764
2133,3670
2976,3527
4345,497
2108,3109
2221,4987
2295,2539
4229,1279
3612,1169
2219,2952
3013,2449
407,3795
4770,4970
2494,1980
784,478
412,3473
1619,2392
3603,293
410,3412
2519,1679
144,4144
1851,551
1245,1957
2280,3931
2358,1119
2435,4808
3046,1736
70,3604
1044,4085
2416,1828
344,807
4644,4397
3859,2719
1858,2335
1209,22
4148,3759
2876,3304
334,3868
1970,4013
4315,3917
3717,4499
2902,1239
1290,50
1237,3712
333,594
1855,2172
3134,3106
4529,4108
623,4373
2351,2526
616,1269
2528,4050
1073,2328
2145,402
3280,1514
1690,590
2671,2339
2441,4094
2289,1811
3635,1657
4316,2050
908,1399
4736,1549
1270,1938
331,636
1212,3145
2118,3034
3365,3393
4230,281
1380,2402
4537,3596
3436,3023
4858,2198
2191,1403
3183,1312
3538,2883
4948,2182
3466,4001
2916,1034
849,3211
2377,2011
4284,1318
38,296
3235,4349
3157,2788
2075,342
4944,4641
1677,4560
1295,4899
4338,3311
2424,1332
3142,152
987,3399
1599,2673
23,4223
2777,3628
1841,4233
472,1409
1152,522
885,72
3410,1702
42,771
1842,562
2035,514
622,4514
765,558
4619,1810
4732,426
3153,4816
2056,3847
3543,4079
1194,3736
1472,210
2058,808
2243,2367
278,708
2761,2668
2259,1048
2003,3860
2195,3729
3359,3188
3329,1503
1323,4672
3696,1213
3744,1389
4890,198
3707,265
3887,1436
4581,2826
507,3575
4391,4682
3423,4368
1703,4740
3539,2427
4545,1019
1626,1404
2167,2250
470,3978
1857,1428
3637,2771
1419,109
1914,3877
2831,346
2539,2362
2151,3252
1534,3675
70,832
1900,626
2672,2457
757,3845
1169,3279
1433,1320
221,4772
3597,2626
4582,1845
4223,629
1970,2719
1943,2558
3144,2060
1244,4751
1210,4282
2957,298
534,278
3510,3604
1189,2269
4788,2532
1842,3209
4504,432
2957,3570
3281,4567
974,3170
2995,3108
4674,2014
16,701
2521,2344
2021,226
4356,3509
3741,1588
166,3514
1854,3667
633,3791
2264,3804
838,840
1968,3702
2512,1848
557,1625
177,3072
682,3065
401,783
1543,677
4142,4042
194,3824
4023,4140
3558,3929
352,1971
3758,2273
134,319
1939,2244
3655,4426
3110,4878
1296,4694
760,1322
4308,1609
4795,60
1404,4739
1193,2911
919,4276
3980,184
198,4131
1159,3114
1506,1634
4609,2301
1510,1563
1704,4449
1580,3796
723,2516
3685,4324
922,1374
168,4613
4691,1241
2950,1991
1281,456
36,3977
2080,2879
2863,675
633,4127
4614,3993
790,2625
4235,1380
961,1552
2129,4202
1107,4478
655,3475
3958,2872
457,4158
4578,1963
783,2959
4564,2271
3012,270
1658,3815
3658,1057
1815,3991
4753,3744
1129,3683
1075,3844
4014,1443
2897,1896
3763,4610
4832,3386
3269,2817
1369,3161
3422,2079
3143,1478
3817,4720
3165,9
2722,3725
1934,1574
4772,1276
3359,1124
4330,4490
3274,2447
750,1870
3229,4869
4521,2897
849,267
1513,2625
4792,3589
1171,1892
225,4486
1583,4150
2514,4987
3307,120
1884,4349
4966,4447
4421,1003
3908,315
4453,686
1387,4421
3881,3796
3039,101
1460,171
552,554
4506,3797
1546,4187
1163,3152
4419,4915
2167,4819
1831,4036
2544,2210
4775,4988
1712,2019
960,2556
4488,3496
4367,573
4932,3049
1789,2813
3963,3965
902,960
3521,2182
2686,3637
1583,1916
1120,1585
3336,60
3722,1520
820,1891
3069,66
3416,3235
636,45
3204,4636
2462,838
1669,492
167,4087
3138,274
2029,2392
3538,3028
2057,353
1403,915
875,522
3707,2494
557,31
853,2914
4112,3101
4329,4240
675,264
3713,1123
2795,703
603,1906
1276,2633
4165,827
4429,3684
132,2894
3795,799
4296,2757
1916,2834
2231,3775
4329,1185
576,2512
1546,41
2732,2083
1352,1566
4366,3609
918,2639
2353,4958
709,638
1621,713
3320,2041
2353,383
3035,4029
2819,4301
2388,1351
4951,1679
2597,4162
1207,4372
2045,1542
3743,1232
3941,4968
4262,2615
2188,3811
3125,1285
1138,2860
1516,4509
1065,2852
3874,4854
372,1406
3277,2773
1725,2135
1191,389
2260,1577
4699,4090
4391,2868
1919,2656
3800,762
758,4620
2211,271
365,1933
3888,3157
2965,4616
788,4270
4261,2812
1366,2828
2414,3004
1601,4485
1217,2697
3861,4910
4474,4297
1012,28
2276,4056
3417,3179
4430,2809
427,4831
3860,2509
484,3821
3147,2760
3373,4642
2965,3184
416,4896
1899,2889
365,2512
4164,1929
615,1960
1474,1835
4864,948
910,3388
1600,4860
3325,728
3439,4188
4566,1621
3985,3199
3949,1826
4479,3947
3093,3395
3912,4416
1179,735
2136,1323
996,104
4172,3541
4606,370
3002,1750
4454,136
426,143
3902,2985
382,4334
1188,3681
3658,2204
2224,3
4936,1535
537,1613
4285,3080
3527,416
4375,3235
374,1924
3890,3286
739,4713
167,703
1842,980
1306,3177
2796,2648
1856,1742
4399,1944
4886,3709
547,2656
2333,3658
3295,2096
1810,187
2756,3060
1983,4365
3010,4987
3290,2126
4519,4380
2875,429
2552,163
2694,248
4492,1042
3596,522
1591,1601
1217,3192
3967,1493
2110,3060
4972,2886
782,1542
3136,4606
309,2021
1645,3550
3828,2403
3071,3887
29,1577
280,1199
2687,339
3731,4335
3383,4618
1914,4359
125,2261
291,1378
244,2584
2373,4652
4538,216
4965,655
439,1359
3346,2337
3549,887
4764,2267
1432,941
2666,3205
3268,1851
4849,3607
2179,4015
2256,1479
2865,4545
966,1476
4685,4335
3372,3076
2994,429
2158,3802
4574,4282
3594,487
2312,3727
2523,1263
4252,4451
2644,3647
2144,681
1767,955
4767,2513
1571,2883
2600,639
2848,1668
2204,3940
3109,434
2089,4055
4821,4269
1328,2689
2691,2003
1465,288
346,3100
3990,435
1609,3006
4622,4391
2126,1798
1907,3071
1142,4443
3598,425
134,245
1696,458
127,4535
1489,4489
271,4299
3832,2785
4308,3708
517,2847
3702,818
4177,58
4545,4673
2400,2387
3256,68
393,730
3614,1612
206,2910
2217,4168
4427,4787
2708,1934
2679,3902
239,857
112,1452
1006,3944
4021,4307
753,3534
142,2602
4334,226
454,4904
3051,4699
470,4730
600,3607
1894,312
4381,2885
3438,1405
3270,4613
321,562
1174,2331
1199,4014
3427,2163
449,4900
518,2728
4647,1811
1852,3848
3457,2148
1923,2810
3431,1323
3708,4684
4618,3991
