2688,1031
643,2342
799,523
4614,2558
603,2339
4888,3501
1014,2891
3947,853
480,1703
3389,4852
4376,4178
452,361
1034,2200
1877,3345
593,1120
3224,3386
1386,4632
964,1721
1949,4652
1377,4636
4666,2190
1252,2489
4141,4189
2356,3929
3120,3716
1424,621
2843,1526
4590,4908
3945,1106
3980,2154
4227,865
201,1414
4497,1932
503,307
2367,1507
1157,3564
2629,1256
1048,1383
2746,1821
4455,4624
1031,815
36,1596
2993,3729
2788,758
2949,4911
1208,4195
3490,3161
1855,2105
406,3207
4722,476
673,1903
2825,718
2590,1840
530,1781
4754,2698
884,2887
1662,3598
740,4659
113,2101
2919,1145
114,3962
3593,1728
963,3161
1008,3866
1563,4601
899,3735
4260,1518
77,821
3012,699
4832,3417
3157,68
1830,384
2988,2524
4823,3632
4695,4032
3932,69
4863,590
2336,1823
4002,509
1477,2925
4650,3137
4264,3449
4561,387
4430,4463
2513,1650
671,4050
486,4119
3146,490
1498,4902
3094,3983
3581,993
4193,1828
3811,1942
3139,2087
3520,194
2720,3095
4588,1871
4244,3911
4341,1303
1439,1337
3064,3301
1412,4516
1742,1150
529,1299
2484,4385
89,4308
2545,1313
3892,4484
2073,4650
4753,2334
4706,4456
3374,571
4507,342
4249,755
4966,937
3372,2749
3887,999
3082,979
4760,1331
3876,3818
270,868
1113,2717
3761,754
509,3447
862,4477
3160,974
773,4003
483,4779
1829,2046
3097,3068
3648,1067
852,256
633,100
2395,2004
2851,3493
1545,466
2709,1793
4920,1950
118,1416
3010,176
2313,1354
2076,476
4743,1474
4152,777
4898,1097
3441,4549
3054,152
1296,1297
2302,405
3462,4345
1825,1462
3363,720
1368,3422
3053,1339
2575,647
4091,4054
1364,1678
361,863
1535,2263
3208,1965
2328,2101
2611,4839
3602,2377
2942,4001
1392,2247
1071,4664
4287,2957
398,518
2175,3186
4822,2070
4604,226
1498,4372
4115,3287
2609,2786
1252,2232
2917,2040
952,1847
3926,4907
4555,4681
3709,2463
700,3748
1555,2766
606,2637
3823,2981
3625,400
3929,1254
183,977
1301,1687
167,3886
4274,157
2331,3147
3283,4551
3784,2675
4239,225
3311,4386
4476,4677
1827,3634
4381,670
4875,3488
2571,2205
2381,1173
3454,4294
4993,4519
4046,1912
271,4786
2013,4221
4362,4994
3961,2472
803,385
3133,3512
1890,2865
1077,499
2191,2078
1411,914
4056,2012
4242,2189
1873,2454
2064,4104
4954,3587
1332,2900
244,871
3905,1850
360,4912
3334,1550
1715,4581
3353,3228
2373,2857
4536,757
362,1333
2995,4171
3651,2096
4035,1116
910,4093
4004,2871
4593,4066
4522,3781
2555,1575
2932,4520
3023,2165
4108,1729
4577,2788
176,2070
1480,717
4251,4520
4481,1772
2488,2619
3170,405
3874,15
716,4685
3020,4561
802,2115
387,4834
4536,3498
758,1077
1876,2106
2301,2345
1402,3538
2783,452
2589,4613
184,2425
4755,4163
4973,343
1080,2390
3387,2958
2745,2309
1509,2597
1758,1140
3893,452
7,4797
4363,2377
4834,2691
2856,399
3114,3230
751,3454
2225,4165
721,3595
2521,3945
3563,2537
1174,1690
3438,444
2199,653
2162,233
2420,1912
4440,2387
4491,2753
1086,1237
1836,4577
1594,1840
2217,1943
4076,812
4411,3336
1804,2846
1861,2523
1864,3676
1124,2098
2964,3576
474,1892
2117,2621
4094,4399
855,4056
4593,1994
2640,4266
4756,3425
4222,2107
3317,4993
1362,4956
4497,1373
4459,4544
58,3181
955,3324
2370,2592
1493,2929
4745,1145
707,2761
490,3589
2821,3598
2500,820
3305,4426
1347,1549
580,361
159,4533
4682,1830
2713,1139
1649,2159
624,3325
4059,1322
3048,3298
4628,3645
23,4981
570,3725
4785,2786
1873,3422
2365,1316
4445,1911
1632,1352
3572,1542
2468,4266
4809,779
4988,4404
471,2536
4397,178
4549,3660
298,4961
472,3269
3714,3012
4984,1706
3611,55
3858,4265
3319,4517
847,4330
966,2755
1044,2445
3540,4556
567,2642
4181,1819
3249,1625
3202,421
1297,26
2901,3579
3761,1571
4925,155
492,4587
3916,2648
4347,3789
2432,1566
1855,3998
4445,3189
1583,2155
1452,2925
3822,3517
528,2892
575,4147
832,1077
4663,3643
2950,3881
1274,3118
931,1145
1548,2427
4112,2536
4060,3928
4385,1193
509,1076
263,3869
558,4627
2217,4273
4761,3183
3678,1495
894,1687
3880,4697
561,414
2440,4583
2587,4535
1453,4162
849,1607
4970,1122
1404,1253
3289,2341
1294,3814
1716,4383
4730,1310
774,4458
195,1134
815,3583
2787,826
3349,1109
4432,352
1941,105
4128,2986
838,2920
89,1663
561,2428
3921,1844
119,4294
3607,818
4760,516
166,2531
2341,2486
3602,408
3745,4752
1160,3583
3082,95
1753,2221
2729,2565
4683,3515
1546,2870
1829,4577
2506,3422
4899,362
1952,4672
3408,20
2173,3874
4063,3147
2849,4967
4012,899
3166,1894
2256,4425
827,4440
3031,3079
942,2576
3015,1150
2478,2713
2190,1005
1468,2912
1176,846
1312,1369
3729,3889
1851,1592
2999,3829
2716,3674
465,1976
377,2387
4507,701
3831,3126
4234,4942
180,4061
838,3737
2763,3174
4610,146
2724,1392
23,1443
3596,570
1415,1762
2790,1747
4341,2801
4370,2392
2607,4256
2361,95
2785,3962
4442,4937
3988,3631
4268,1448
943,2248
474,4560
4059,3834
249,4457
1775,1968
3411,2101
1536,3790
1393,1911
2894,3976
1997,1459
3787,4923
3881,1965
3162,4606
922,3706
1567,1271
2271,1616
4925,2580
1379,2254
2749,2323
2075,631
4254,2262
4335,1972
401,1210
4287,349
2226,4437
2249,4637
3016,4055
2945,2178
2587,555
3696,503
3239,1391
4789,4682
4536,4838
4143,3793
3935,4722
4179,1599
1014,1943
4206,3855
3114,946
1451,2651
2425,521
1071,1050
3242,1460
1004,395
603,796
1795,4083
3227,303
4522,4277
2212,4092
4464,4219
2967,1115
2233,3450
3308,2814
2976,1983
1680,3078
1288,2531
4479,4109
1155,906
6,3407
758,3725
214,4792
2464,123
319,3462
2272,4289
4896,1342
583,3771
758,4679
294,1756
4347,1136
2711,2580
3410,1099
4818,2301
2530,1732
4662,587
2606,3254
205,4655
2319,3803
535,2559
3752,1144
3751,3918
3542,536
2040,4627
180,143
1245,821
4921,2571
3207,1700
1067,2340
4520,2171
2078,3053
2752,2296
638,4698
2363,3137
3958,291
4437,3776
70,4886
3413,4272
508,3496
1671,1921
3350,2246
3751,3695
2920,1976
3554,3542
940,1173
1120,326
1050,2251
4637,2228
4574,2383
1658,4200
463,2356
3917,3001
1227,2458
222,1666
765,2085
93,2294
4219,876
3678,3989
2265,4345
2471,2472
3843,3574
2740,2591
2494,2581
3416,1432
2474,2847
3690,2861
4898,1254
3223,3557
3655,143
1951,181
1320,926
3851,3584
2726,4340
2794,412
2263,1712
1439,520
1405,4037
3166,4478
1428,4609
1451,1376
1504,3161
1588,1851
2157,64
4469,4503
1614,3202
312,2873
3369,4717
619,3226
2396,3132
408,817
3320,1278
4745,4765
2087,2325
113,1565
3212,4147
582,2889
3727,1441
2345,4262
3843,2799
2210,2237
1193,1264
1923,4518
4522,2963
375,3994
3734,1408
2284,490
3424,4075
3423,4766
2219,4527
1512,3519
4552,4286
3808,4887
69,3608
3983,2567
2788,4237
166,2670
3158,821
1193,1839
1461,501
219,3016
2166,233
2836,2237
4119,959
3058,661
2103,37
4073,1776
3407,3654
1825,2578
3587,400
327,4439
4127,208
1019,4550
4147,1440
3373,2635
406,860
2032,4662
677,1495
3498,1908
1058,2282
4733,1734
1720,3282
4876,1230
1437,1055
4505,1646
4455,1757
510,4924
1770,3257
3430,1745
4028,3333
3672,1197
276,3381
3030,2130
809,2063
3612,2237
4051,2588
2866,2147
2345,595
4469,4127
780,2111
4851,4945
3735,3467
314,4322
4144,1387
531,2108
3537,2536
1964,1450
615,962
4560,1714
304,1759
2826,172
1688,867
4688,4458
1924,1417
1819,1684
4898,2691
2980,188
2790,3063
2826,1577
2620,4891
4114,3768
4604,406
2808,277
3329,4627
1441,2720
3681,383
2964,2186
3942,2018
2787,3774
3723,841
1605,2259
4163,111
2925,2523
1881,1461
164,741
3446,1695
4179,284
1732,4303
4855,3571
4590,3283
2669,3544
4126,1598
2165,354
1621,3862
1161,3158
2559,2993
4811,2227
110,4187
987,3343
2044,1118
4187,3289
2365,1120
631,3247
4524,4094
2527,4325
4040,4210
4193,1784
4069,1295
2735,3715
1520,4943
520,3483
3120,1
4030,2569
1707,4081
804,4495
55,710
3603,4691
1976,1580
1611,1773
2798,1722
4376,2359
1449,4073
1871,2882
4712,4342
498,812
3426,2210
1331,4967
180,2571
1313,2062
2647,3586
310,3309
4287,4886
1588,1082
1024,4334
3876,3777
1327,1258
4889,4557
3719,1849
1923,2809
2794,2344
923,2862
860,4394
4939,1973
822,4612
4879,2365
3319,2871
1177,3359
1037,3842
663,2045
2521,2006
582,1346
2923,3956
3320,125
1287,2288
4617,3853
2415,1731
3691,3529
1399,2548
550,2195
3560,3283
1912,1583
1914,4084
4801,1890
1752,2297
2976,1625
3133,1990
457,2540
1143,1428
628,687
2599,87
2384,631
2905,2432
557,2366
4200,1807
2933,4875
3018,2768
2118,4714
1313,4949
3822,2132
2575,3718
2861,4703
2063,3433
23,2305
591,4241
2257,1838
2977,35
4243,1501
1839,15
142,2587
157,2500
3686,4164
3729,2264
813,3422
3592,1976
964,4646
4455,4610
3357,4220
3584,2981
698,4806
643,2872
3255,4626
700,4394
4636,2143
1732,1045
4826,977
27,540
3635,4237
3712,1941
1252,1428
4198,3289
4159,3144
2876,3727
4144,1897
2111,1419
1332,3351
4902,4428
1184,4249
2581,1579
4760,3348
339,793
751,1283
2559,3437
4166,2592
2255,2363
321,3557
2144,4351
3647,3578
4325,3642
2269,2108
4742,2118
1278,2835
185,2566
1715,885
217,1414
2138,2510
4648,3755
3410,3297
2022,2447
2372,2054
2402,2631
4632,1900
4868,2731
715,3113
3480,2646
896,4221
2177,3491
1283,2152
2429,1570
3194,958
2944,3539
1908,2887
1183,3461
2445,7
1605,2981
907,547
4588,4701
752,3290
4953,2969
691,4586
2568,4016
68,1587
4745,1669
4153,4454
2883,2865
3896,3926
791,4675
593,1810
6,4331
1684,2730
780,463
4717,1931
1924,1007
1611,1677
2619,4709
1138,4064
677,2815
1193,3579
4511,4561
3907,3577
2321,4587
4006,3319
3371,2960
70,2508
2651,3933
1453,2769
1241,1744
1009,2244
1977,968
2026,2485
3897,4841
2264,1091
4816,3277
1323,3912
1733,1444
984,2124
3347,1640
4115,1439
4445,3415
4347,4894
3073,3884
1874,3017
3349,772
1384,3197
2907,2741
407,3838
2693,533
2962,4755
3634,592
3792,3570
1640,1684
3566,3426
4099,675
806,1777
2521,54
447,1057
599,1503
57,4903
1902,4480
3799,2586
1518,1918
1881,3649
1598,4412
2969,3608
2895,906
2881,2282
1648,3204
706,3633
3108,2590
3328,4244
1355,1513
152,567
3505,4338
482,4501
3604,560
4398,448
3309,1996
4190,4267
1589,957
4031,1007
4798,1221
3737,3086
1283,3130
1248,2259
629,623
2370,2789
2159,4834
847,1926
4679,3919
3932,2477
3432,3594
3350,4840
2133,4497
694,3062
464,3543
1431,3198
4384,3956
3960,3157
253,4393
646,3288
2999,3689
4917,2016
1571,4632
1459,1623
971,4685
38,2004
4656,1538
3335,4027
761,855
1578,1675
2130,3864
3430,2724
2850,1833
3135,1523
3715,1770
2470,2011
4994,1150
1208,3805
4034,3571
2509,3500
4206,4833
1011,3647
4275,1237
4996,4589
212,3212
1810,1211
716,2343
4106,444
737,895
3284,3072
2714,3141
3158,3959
282,375
2014,1835
1382,4729
2011,1900
4763,3871
3640,3559
585,2869
4379,493
406,4246
3753,4225
3262,4419
4454,150
3709,4954
4214,4075
2607,3983
686,4221
4396,1238
4960,2648
1925,3323
4721,4361
3362,574
4763,4412
4222,2984
1910,716
2292,1676
3903,1800
4595,1267
2738,1797
2437,1303
872,123
3501,1407
4626,2678
2803,1458
2279,4936
4016,1949
3769,2674
3471,3405
774,1587
2499,2232
2163,2929
1643,715
460,3619
280,2175
4949,4199
1695,915
271,2534
1047,928
2315,4957
2620,1931
1082,2750
1411,1611
1813,857
1134,905
4837,2856
3774,1697
1025,285
520,3804
1475,1593
3033,4828
1483,4896
757,1420
4997,2145
1135,1333
4980,567
3235,1376
475,3464
72,922
4163,3361
2818,3884
4318,1802
1616,4677
510,2770
1908,3722
429,4191
4813,2576
3918,587
2322,4242
3223,4657
1869,2619
313,3977
4113,2495
1545,4226
1323,6
4895,2897
2869,200
3556,4312
1719,2911
211,2403
4749,4757
3156,3490
3933,4290
1059,2794
3090,3665
329,3776
1404,505
2290,3271
694,167
2655,3590
347,3241
1891,4263
2125,916
4996,747
2440,4283
4109,1046
955,4524
4492,1817
630,1179
4748,4155
3628,132
3534,3187
2646,4023
563,1770
4743,388
4562,460
4102,2884
4442,3216
4621,2608
2162,4667
430,4285
1308,3695
2824,4267
4736,2304
2482,4262
3748,2172
4539,829
1604,574
3797,1954
3216,4517
2107,1241
3900,2097
3381,2740
3242,1679
1538,4094
2881,281
1022,3954
610,4274
4804,2873
3884,889
748,3038
3169,197
317,1014
3361,46
1198,2782
1801,77
1049,3012
4530,2073
1660,3462
1438,3761
4110,7
2897,4931
2506,3867
3241,52
2088,3171
1110,4953
1127,4036
2377,3912
358,771
3534,2449
309,1535
4724,199
4075,3126
3102,1950
2682,524
3824,1242
4433,805
1595,1056
4486,1132
3235,866
3671,2032
2774,2635
3837,4813
4552,3528
3747,904
3601,1718
78,1671
2169,3336
4655,4803
2407,2906
572,440
2083,3266
2615,1159
4654,1668
470,3194
639,4229
3316,1141
4490,3782
2426,3585
917,2241
438,2384
2693,2593
4771,806
4358,4068
4745,4356
2830,1423
1409,413
477,152
1418,4696
3451,2600
4116,484
1941,3391
4223,1580
3679,4632
2247,3556
852,1937
3178,1038
3393,2842
4534,719
1693,1742
4048,3388
2357,2293
2339,1578
4527,4140
1106,3726
2941,206
2833,4623
2554,1220
1276,3391
407,1499
1142,3205
3207,3617
380,1222
743,1849
2234,7
4843,3148
1275,394
1982,3318
4415,1087
131,4918
4441,3038
2381,3901
59,4782
1196,2852
1906,2261
3300,1589
546,2126
2730,3553
4409,1680
3093,2951
635,266
526,1683
3746,1507
3131,458
699,2795
4508,3353
2299,540
366,4895
4038,3410
477,3750
4611,179
1097,1280
4563,2399
4569,2983
3865,2588
723,3240
2712,1104
4529,2087
4249,638
2010,3496
3096,600
4931,4179
2144,1213
3832,3671
2295,1649
2505,2303
4904,2775
395,1211
657,1622
2859,1236
95,2586
3613,3718
785,963
71,4388
3617,3342
1406,4425
4014,812
2684,3389
2042,1800
2535,3250
1025,299
4943,4010
1220,3692
1329,3396
2888,2738
3415,117
3560,43
3157,739
4214,595
1816,692
1405,3218
4744,3738
1849,982
3295,2387
1083,1436
1332,4994
923,2336
2009,4782
3241,638
4501,2864
228,2726
922,2059
2028,411
746,2805
3537,1236
4530,429
2876,2789
1824,535
1979,3186
1626,586
2646,1160
4879,2570
306,299
1427,1254
2549,1188
1965,908
2433,1994
1845,717
2891,2137
2164,4399
2067,2732
4252,388
3073,310
1496,2061
463,3350
554,172
2448,4694
2404,4229
1545,3629
1234,4035
620,4152
573,2509
2941,1442
4041,4579
4671,100
2731,1705
1224,2881
664,3547
1441,1907
3629,1717
2085,22
3314,4746
2576,1577
3395,1621
4782,1626
1778,1427
332,1715
2911,1135
4664,2941
984,2577
4075,4222
4039,1991
4083,4440
834,407
1495,397
3434,2270
4983,3860
2133,3945
4209,3534
2591,4310
1147,3742
3000,333
993,2663
179,1535
519,1375
1178,3913
1164,2887
3302,3237
374,641
3759,4550
1891,1315
103,2880
732,1885
1728,4235
2324,2756
3169,3523
3265,1592
3767,2636
3758,942
1495,4564
3041,4603
2509,3365
3529,351
133,1261
3516,2606
3223,4836
1771,2222
1605,4445
261,1704
195,3387
2668,1893
2720,0
1356,3295
806,2560
3693,1837
4016,336
1353,4295
1450,1894
4334,2095
4760,1077
4507,1454
4504,4211
2522,3804
390,2592
4097,2445
2464,2303
1891,2160
4702,741
2476,725
2675,4188
4096,1187
596,377
1891,3169
1446,2401
496,3741
2893,219
2872,4937
4404,3212
2958,1537
960,507
4139,3704
3101,887
200,762
55,4840
4501,2142
3391,4189
2127,3333
1400,4268
4958,3011
1830,1549
1325,205
97,3276
2849,2668
1302,4293
3709,3802
2227,2544
3315,454
3964,2777
2685,3058
3030,513
4870,1966
687,4607
3980,656
3382,971
1123,4184
2186,4024
343,1548
1286,3027
1705,882
4306,3164
1135,1332
975,4116
163,190
2309,1489
4263,896
3438,1222
929,1701
3178,200
4079,237
4493,519
4659,3974
633,2851
1393,1348
1658,432
4832,355
4279,2890
2742,395
3170,4395
3231,1044
1542,776
1354,2647
4223,1877
2746,4949
4834,3121
4153,1347
1597,3408
273,234
2982,1821
1824,2874
3533,3597
3302,806
584,2708
2964,1128
3312,2167
4647,4428
4289,1390
726,1358
4269,3284
3715,3139
1011,188
1759,812
1847,2301
4947,820
390,839
3766,1679
720,907
160,1941
1231,3003
2647,3915
1218,591
3512,580
1158,4773
2616,2983
3142,2112
1253,1554
3068,2515
633,3126
2848,1809
2295,1786
604,313
1730,236
413,2413
1882,552
4068,3897
4763,83
2273,2569
744,2896
2254,3486
4241,2828
4872,2571
384,4109
2483,4676
1934,284
2810,1309
2802,3676
3873,3490
2541,2040
3698,3826
2379,3917
4520,762
2615,2593
1627,2568
2225,2783
4374,3657
4452,1223
3249,2417
3082,4606
4760,2741
867,3321
3302,4413
2002,2329
2379,2816
1573,1983
543,3014
1412,2304
472,1816
2768,2981
2633,236
1865,2606
192,2561
1401,4788
3541,4570
161,4051
4781,1102
4964,2046
3183,207
1396,1681
2137,1957
2864,1213
1893,644
4454,4305
3371,696
1226,2459
3466,4793
2553,283
6,3970
338,722
3769,2985
883,4010
3469,4691
2669,4107
1658,1556
2743,1755
4072,245
1292,541
375,2880
3390,2464
3733,1878
89,4356
3738,367
924,2727
534,3721
856,3233
1975,4971
3920,3817
903,738
943,4283
982,610
835,259
4192,1326
1756,4181
1342,2564
1053,2489
4417,2260
949,2224
2019,2452
3058,2868
3918,1033
2747,1874
4668,46
4080,1804
3027,1359
124,3027
3636,4422
1963,147
2510,2633
345,0
66,79
4303,3102
1018,1355
274,1174
2161,1565
3577,549
1482,120
4778,411
70,4075
2013,4272
4811,1022
3912,1762
748,1580
3975,4577
4114,3730
2166,4782
1641,3454
4316,2609
3063,2222
777,3759
1708,1430
754,1567
2361,2882
548,3034
2122,348
3821,4240
906,3310
839,2502
1108,4381
2710,4802
4827,40
1588,1059
4415,3569
2822,4582
1996,4901
1722,4082
1404,126
1122,4475
3326,3089
3039,741
2418,2472
4067,662
3860,2226
879,1867
4889,2015
464,1978
882,459
2109,2277
3664,142
3581,1700
2249,2886
3601,285
4845,1931
4680,4361
4317,457
3864,1528
2900,2261
1835,3942
2522,426
3952,4417
3712,811
1656,1139
3200,1956
4908,3857
2026,858
566,3026
973,4384
1838,1437
3533,2907
3142,2851
184,457
193,4628
644,2562
1209,3004
311,1992
2383,1560
2400,2028
4266,1040
2612,2970
414,3756
4323,3988
2170,2492
3649,4313
200,81
3532,4469
2951,860
3,4423
116,4753
2717,432
4875,294
4856,4503
2556,557
99,3654
4664,315
1218,3046
1272,3096
4140,3815
1756,1584
1744,4578
2047,4202
2178,687
993,4083
4196,3798
4908,1495
1178,4060
1798,3327
1305,983
930,3665
3096,3218
2099,364
1984,4390
269,3236
1411,998
3059,1716
1255,3132
2559,261
4442,1712
405,1661
1858,1290
4053,4482
2732,1299
2206,1778
3974,398
784,3561
3190,3011
1930,4540
1076,2716
4241,2567
3961,3108
1510,3836
666,2831
1351,572
4773,2382
1046,4879
562,3448
2103,298
2422,4930
431,4282
880,4540
616,4343
391,1399
2742,4748
1409,356
4458,4670
898,3570
2007,4689
1995,1456
4625,1833
4356,4308
2004,3615
2882,2012
4043,86
787,4522
3284,2282
3489,2697
3686,3708
2783,2642
3729,4858
3244,268
371,2047
312,1132
675,2596
1344,4159
4985,1036
1480,106
4107,1713
1918,3292
3331,4339
4298,2820
1550,1644
964,3918
2265,2675
3753,4762
1405,674
3290,3411
3650,4264
3472,1205
352,1835
1006,533
1562,604
1638,3312
1414,2825
1261,4806
4566,4542
3493,4423
4728,984
4956,3558
324,2322
3687,3200
376,1723
3494,485
4381,1236
2146,4677
3536,1538
4053,4556
2807,3600
314,2458
771,3140
2010,2138
3399,1939
4400,489
3968,3091
3561,1594
2114,4502
4025,1003
2681,784
4591,3241
2236,2548
3953,1654
2544,1579
3265,1766
2632,3168
2794,2715
3477,3566
3119,1625
1151,1705
2642,836
453,1547
3447,725
1881,3823
1212,4793
3908,235
788,2003
4375,4536
2018,1151
176,784
597,922
2362,2482
899,1694
4158,4480
1427,3252
2019,4910
2372,4696
1665,103
3100,3862
1359,3695
4525,3792
3984,1487
1164,2428
1444,3821
4187,2990
4535,4750
4039,4015
4086,1113
1400,2465
1430,1108
1207,4295
2697,976
2886,3849
1535,1400
2364,3693
340,61
661,3107
1349,886
4143,11
2942,4388
771,2606
1648,3693
3142,2261
3629,1232
1702,1421
3477,723
1872,4035
2216,572
1237,3323
22,2342
2266,540
1964,824
1536,1599
2139,656
2498,3812
2631,2620
2634,342
718,4160
4155,4029
2639,2946
254,3869
2265,42
537,3433
3524,1691
3317,575
3873,3060
364,3403
665,2533
4937,2900
38,46
4152,3702
268,126
80,1369
1408,1094
84,3238
4957,3199
2022,896
2357,2574
3586,3096
4851,2352
4307,2996
259,911
3757,3163
2556,34
2188,3989
2001,1252
1206,2591
3711,3763
4041,3906
624,2326
4521,2046
482,3889
2426,2452
4115,4224
3769,4417
106,4896
3452,501
2806,2817
239,2816
4229,22
725,3187
307,2411
4685,3369
3535,4201
1536,4241
4127,2148
2345,3265
2230,2442
235,594
3016,4948
4451,447
4494,1204
1680,2136
4303,2891
2126,4857
169,4396
3929,4096
3630,2662
4553,4623
320,2462
2247,2791
2556,4688
377,871
3930,2633
3580,3527
4149,2982
143,3427
245,2917
3457,136
4085,4595
590,4922
1237,228
178,4383
3675,2414
2294,3793
3678,1948
4367,4902
763,1796
593,1424
2342,4462
3663,1337
3220,4707
3004,164
4196,274
3095,4518
1774,3257
4529,1834
2922,2613
2232,2796
4977,1019
3356,4875
1656,2243
1978,3628
4688,2918
1070,2408
4018,2414
2087,4461
4613,1653
3754,1294
4624,4438
2590,474
1784,3812
719,4658
102,3758
1157,1367
364,1170
1892,832
712,1128
2060,3279
2977,3399
2898,3419
1343,4225
3516,2325
3339,1281
3480,411
3825,4968
437,2145
792,423
3916,3448
3450,2261
1434,4065
3809,3850
2915,3272
4526,659
4957,1538
4721,1367
1002,805
3038,727
4232,3544
129,3723
2652,3950
4969,4238
441,1819
1316,1407
2476,145
30,156
3665,459
4622,345
4125,3787
1854,2635
253,3127
1079,3314
3646,4389
4695,115
1879,2804
429,4234
174,3222
1955,3545
2285,167
2839,1383
3085,1558
1755,137
316,3218
2175,4037
4798,3657
4770,3138
1864,3136
1913,1387
4233,2637
4963,1333
3734,1672
3139,1191
1182,1864
858,1150
1310,3782
4120,1008
4562,3673
646,4029
4920,2225
2393,2738
3512,639
913,4851
479,459
2849,4034
1446,1450
4821,2216
4200,2976
3931,1756
1897,453
4028,1258
3543,1875
3391,136
340,4234
1612,1855
1588,3201
444,2340
2596,2936
2677,2763
1333,3866
381,3708
1360,631
966,3381
592,3330
2983,3071
2732,2618
2292,3394
1034,1045
1265,2363
1146,4290
2044,131
3330,2184
289,4465
3696,1431
816,2242
1695,4015
2084,1730
2031,1680
3826,3716
1439,3894
4575,1886
3873,692
3652,3062
573,4549
4246,1131
4891,2662
441,4307
4585,4946
1524,4249
830,639
4573,1241
4791,406
956,644
483,556
2391,4770
3921,1149
1516,3207
3002,3982
3955,1703
12,3529
2131,4861
4396,2432
4577,1949
4074,4549
808,2987
1938,202
3935,4887
4624,2324
4531,2618
994,1779
4010,2070
4256,3620
257,4645
3132,4273
4411,2926
242,808
4408,2102
1577,778
547,3906
2637,783
2861,3860
880,4760
1877,378
1047,4363
4656,2543
3147,3250
3383,2631
4429,548
1596,1321
296,4373
3800,2963
210,2402
3257,1139
3686,1926
690,3913
1383,3096
2230,2612
3781,1243
623,373
1164,537
80,1089
3044,118
4565,4480
1940,3818
2066,3846
4818,347
1753,2132
2168,4295
1393,1913
3733,2353
2303,1938
596,1154
3877,3605
2766,1142
1000,2876
4017,3741
1665,1679
2761,145
3270,3043
3192,4875
4050,4475
2434,3050
2490,3506
4954,2713
3721,433
245,4443
3357,987
4715,4747
198,4634
4314,871
3535,785
2375,1904
2345,2430
675,4628
740,3457
4477,3794
738,587
3588,3270
1919,708
643,424
2716,4759
2741,2394
2838,1862
3901,1665
857,1775
911,2966
2567,4402
2475,4096
3871,4297
4617,2005
1314,4734
3966,2162
2520,2518
1454,4640
621,3685
1866,1522
3397,1590
4250,1667
3074,635
1962,1784
1253,1051
1063,4613
226,2906
3482,4421
679,3419
2492,3141
1555,3663
2409,4626
2106,999
4676,4068
3238,132
2486,716
2019,2832
2251,4407
1347,2883
1692,4207
3452,3605
3040,4969
2672,321
1089,2890
535,1626
2945,4694
3498,4813
3306,4685
1022,1674
2638,2552
3754,1420
1315,2641
4350,2005
4298,3065
1896,3766
3516,605
771,1496
3906,330
2297,2319
2027,1720
1880,4530
2044,3410
3704,3399
3737,2194
665,323
117,3944
1410,361
1834,4901
727,2986
3663,436
1848,4033
4948,23
2444,915
2640,1144
2272,4118
340,1652
1430,4808
345,3846
4816,2641
1532,3595
3544,4816
4810,4096
2522,2706
3409,1890
3072,2001
2725,3981
4077,760
4539,296
148,590
4726,4485
1984,313
4233,2603
428,4516
986,141
1819,4753
3948,375
2140,2014
407,4056
2922,413
4698,1600
2067,1181
4418,1216
4414,4442
3587,2110
2181,1082
398,1513
2510,1244
438,4327
1148,4550
3147,44
2758,738
3016,1783
3375,4459
4528,4494
1307,1853
2379,3195
1715,2745
2619,1282
4929,305
3432,3504
2614,4282
2505,1943
367,4335
2984,1757
437,494
1553,2553
1016,3739
1219,1192
4172,1236
3607,2234
3976,4806
1296,4092
4070,2364
2887,4511
3528,3776
3663,4294
469,4554
1833,1937
1984,431
1839,783
2835,120
1765,612
2483,427
1212,1731
2536,1683
1981,4113
4705,2245
3407,4011
154,1639
2548,533
3163,3641
2758,3652
2193,3555
1628,3603
324,3195
121,223
308,4307
4131,1581
1563,607
2385,2414
2528,1834
2169,2598
257,4730
1959,3860
4950,3225
3779,4666
676,1567
831,3797
4305,2465
3903,4107
3011,3889
3559,5000
4617,4942
3189,2328
2841,2912
1825,2442
862,3954
775,4173
3314,2520
4888,2775
3912,3126
1449,4855
339,165
3295,644
32,3654
3323,4088
2607,4227
2308,938
3659,2777
4558,1840
2018,2528
1013,2535
3151,1191
4166,2863
4510,841
3453,4240
1273,2243
913,4186
1683,878
1949,919
3409,4757
3651,4854
1433,1492
52,1447
790,3455
1926,4911
536,1618
727,4418
4494,740
2041,2286
373,204
426,688
4108,7
3190,1587
1515,3049
4372,542
3957,4145
2610,4955
4735,4841
3151,3611
1943,765
342,615
1783,1357
921,72
2001,2797
2653,2937
3422,1138
3949,333
462,2273
508,1998
3792,2468
4892,1767
3425,4136
749,4356
337,399
885,4977
795,2316
1135,4675
4450,3522
766,988
1315,3115
2531,2571
2387,4249
930,2812
4449,607
4678,902
4439,4580
2750,3040
3863,1020
338,1037
3856,2561
1183,863
2078,3204
84,2277
1362,2680
2472,1087
3468,1268
1651,966
2319,2049
3416,4005
2264,1
3019,968
1646,4036
3801,1579
1991,4366
551,3328
3939,1352
2015,504
1754,2851
1454,3264
1155,2428
1036,3885
3093,305
1610,4833
2110,3836
4491,1964
4061,1446
1439,2291
4263,2031
838,1317
4150,4646
2254,2298
3850,3708
3689,982
4230,1798
2568,152
4314,2646
2441,3654
3096,2799
3045,140
3410,4957
2573,3962
4471,2174
3124,2102
3358,3806
1786,1184
4056,2111
1460,300
4172,2356
4872,12
1434,3946
771,4952
3997,465
1575,1264
3796,3701
2236,2223
868,743
589,2701
3885,759
1661,3772
3338,3177
2275,446
814,1266
1963,1528
3029,4785
3747,4994
1985,3756
596,2724
2344,2172
149,4016
4637,2305
1207,3388
4878,932
4298,2877
4994,3359
3681,357
4024,4175
236,3886
4647,1583
1632,924
3980,158
4418,3943
1801,2381
2128,3596
1561,4668
510,3538
3847,179
822,4404
621,2984
4392,3096
2388,2866
3125,4311
1854,1569
4206,2498
4479,786
1363,4082
1829,4802
1172,1955
2596,267
1861,3720
905,3196
1734,2422
3369,4464
3551,1964
2779,2850
800,2296
2405,390
543,966
866,122
3217,4466
3254,1217
2699,420
2983,2570
688,1485
2152,981
2894,4767
4220,2117
4346,4615
4803,3579
342,3510
4918,1151
2303,77
2558,4993
892,3619
3228,355
3460,2406
18,396
1145,402
679,314
4738,441
3926,406
4474,4665
2935,1178
2638,4109
1794,4500
1499,1836
4962,1817
4860,4929
3942,1918
161,421
2259,4222
3137,2422
1003,3479
4349,3056
2460,532
3968,629
3598,3693
2073,3723
2768,2879
286,611
3017,4377
1555,1721
4599,2650
2624,3320
4730,1050
2119,934
2626,4249
4000,189
4341,996
968,3980
4817,4099
2938,2482
1394,2487
3763,568
37,1524
2046,301
77,1349
3164,153
4319,1831
1832,1676
1649,3017
2276,676
1167,214
741,4615
4112,2484
3224,4844
1601,4090
3107,2092
166,2373
3553,334
1746,2605
2117,4402
2194,4039
3554,3579
3595,589
1274,4993
4509,2868
4339,1511
4468,3948
2500,3179
1605,3701
4798,1418
1558,782
1384,630
3566,4326
3066,1885
4112,4973
212,4374
382,2851
2193,2226
4404,4094
4870,1038
4027,4902
1932,4197
4773,904
4419,2152
3516,4818
40,4715
3856,4283
1217,2247
1081,1370
2050,4599
2488,3768
399,3733
2647,3774
255,679
4034,1231
748,774
3910,739
3153,2944
361,4450
632,353
833,4908
905,4040
1134,1454
2637,2841
2399,1292
1456,1549
233,368
1536,4624
2148,261
1382,4353
4800,3358
4467,4028
2757,2089
1237,2573
4606,2327
3842,152
3155,2320
182,868
2588,53
3811,1889
165,2520
2294,634
1606,4627
2767,4416
4445,4047
2642,3396
4147,2711
3305,188
3683,2883
3399,301
671,3888
4710,3972
3251,3397
855,2357
3708,648
3765,2847
4006,295
2411,4058
1997,648
3245,2130
828,4046
2540,1733
2756,4786
1565,4166
293,2274
783,1739
3714,3757
1392,3699
961,793
1414,241
3015,2260
3561,4330
2956,2617
989,1942
403,4866
3950,4804
4893,4269
3128,1165
2027,372
510,2024
3859,1587
2010,4144
1858,4722
2714,270
3109,1757
1195,2507
3507,1551
4829,2911
4490,1824
3668,1920
3394,2304
1353,4119
2573,2796
1027,3408
3298,2754
4981,1039
653,611
1994,3124
11,2053
4866,1584
3072,2191
2353,3080
2275,406
3618,3230
3563,3238
3453,3704
895,3963
3947,3386
749,4085
4163,2092
4135,655
497,1795
144,4018
958,3203
3221,2402
4541,1685
2574,2126
1514,1658
258,2390
3979,137
4356,4099
3003,320
3556,1966
275,3942
1277,2667
36,3479
3750,1782
3913,472
646,2474
3723,2519
4047,2257
2885,4043
3125,1630
3069,4956
1192,1833
248,3151
4326,3380
1176,161
733,3195
938,1568
2054,1714
3951,4165
401,3210
1493,3515
3872,2771
1816,1804
1776,974
37,4
3910,2024
199,1981
436,3756
4158,4055
278,4604
966,2222
3885,1458
4806,3086
2666,1126
4194,1987
3336,1690
2493,1384
80,4094
3241,4449
652,2528
4382,144
1637,3222
4910,4975
1042,3275
4030,2986
894,3357
2867,4033
2528,1534
4625,1442
1048,3880
4462,1643
3670,717
89,795
4754,3042
2340,4663
3408,383
522,374
1817,2978
1474,1232
4285,3642
1507,2335
1287,1698
3789,4382
1023,310
2948,4794
4227,29
4010,1296
1680,222
2121,1890
1291,3197
3849,4766
3406,2204
2655,2981
3952,4548
1267,3733
142,217
3087,4811
4428,1841
1837,4065
2845,2411
3207,4495
2778,3551
795,4155
2686,1171
2236,2273
4475,3768
2809,2954
2917,1909
127,1149
448,2366
994,3417
3004,4593
711,2446
2659,2501
4758,1858
4573,649
3488,1669
3697,3784
4309,2224
3583,1512
4662,995
4519,4817
4855,3243
3405,802
1544,2315
4442,1977
4952,4067
1980,2868
2929,4776
315,4932
4933,3091
2798,4437
2315,394
4946,475
967,3588
4835,1008
1337,3298
3089,1488
834,4701
3472,3349
2910,3481
2104,1795
4997,3860
4076,1626
3575,1770
3372,3914
4235,1151
1420,3352
2895,1415
2307,723
3092,2886
2011,4634
3423,2578
2607,233
3248,4048
1604,2437
510,4170
1573,4126
647,3408
1206,765
1802,597
548,732
850,2361
1532,4519
979,105
2925,3745
26,2684
2783,1030
2886,1948
1683,2851
4051,250
308,3866
889,3293
2892,297
1485,1570
1671,1837
2671,956
2202,4570
4347,3774
4392,4292
1111,3084
1909,2208
2845,3472
3043,4191
4232,2245
4684,2954
3850,117
3949,1511
3264,942
3049,1245
1696,3946
3117,1201
4176,4999
1513,3598
847,535
2756,708
4622,612
1389,3260
3905,3285
3145,888
3926,4711
3941,1773
4758,3257
2636,1287
2515,1046
4308,4487
1086,3716
3755,3341
4324,3535
1869,1024
2983,4562
4879,664
4049,4933
2627,1113
4992,4159
2080,2933
2774,4625
2215,1724
1580,2614
3540,1208
4198,2769
4934,796
2808,580
585,3244
2447,1076
761,2351
3755,897
1101,4720
1617,2859
3307,1704
3362,4668
3719,943
558,2744
924,165
487,1323
1061,2543
539,2006
1767,2266
4587,2055
1133,4281
905,193
1071,2592
4076,412
3192,3586
733,4316
3630,2290
613,3524
4808,1752
495,1160
150,488
2197,893
3228,2824
329,3569
442,4299
4297,2433
1081,4464
1784,3961
1161,4361
4564,3221
3487,3422
4937,3594
4880,2790
1825,864
1982,1576
2573,4256
3234,4930
349,1056
3485,1139
647,2708
3311,1285
2084,1057
2787,412
171,1616
3880,4311
2960,3432
254,2727
1392,376
3321,3171
4731,3581
1289,3232
928,272
3563,3946
2028,2554
656,1377
3236,2244
4238,3920
4206,970
1485,3599
2001,2973
2080,1637
38,2345
2938,3897
4636,1954
2416,4166
346,4592
3259,2931
2742,2885
1718,33
423,3878
4640,2423
687,1823
2971,2484
3759,1449
4406,2766
3912,724
759,3815
1479,3735
69,2894
1299,4868
286,3633
4481,2605
4382,4183
2367,4231
3623,3865
3537,1284
2639,2825
2775,1602
3759,4492
844,3635
2566,1689
2994,2676
3358,4323
2893,4873
1724,1633
2803,1900
1678,3536
612,3969
575,2870
4669,1431
3706,2918
3409,3956
3767,3939
2183,684
400,1767
4612,3511
3887,813
1697,2213
2794,317
806,814
3115,3490
214,3911
3652,2970
177,754
1377,2838
4371,2955
4417,2858
4881,2086
1133,2550
1140,2015
4448,4513
2792,1801
2864,4572
4494,3689
1665,4666
4859,1725
4593,3461
3169,3975
4586,2166
835,2045
4944,1543
1905,3888
4647,3691
4530,2327
428,1626
3210,4662
2887,4902
62,3923
810,725
1646,2248
3296,2835
3664,1937
2875,1456
2583,3226
1568,2625
4425,1541
296,797
2553,292
2556,1718
2183,4713
496,3938
3281,4833
3204,2991
847,4574
2994,3422
915,4326
834,3811
696,1622
2834,4814
3512,616
2965,416
4013,4458
3095,282
3692,3234
3406,3648
2958,2283
3958,3478
501,4709
1761,975
102,2707
1000,999
528,204
2970,1633
454,4864
3644,3613
4099,2769
3271,286
289,3810
1698,3105
679,3418
3832,4886
1961,3719
583,4743
2731,4259
4200,4851
910,3862
3519,128
1701,51
3802,1718
1092,3807
821,1308
2806,1220
3905,2589
2045,1827
1414,1760
426,3976
1035,3118
2133,3323
4871,4387
961,3143
2633,1276
57,1771
4645,4785
3939,3874
3639,1279
2412,4131
1883,4007
4781,4082
1630,3218
1010,1090
2859,3493
2153,38
4181,662
944,4364
2643,831
1015,2127
1739,2611
762,4534
1791,1141
233,1483
3115,1821
4128,164
4485,1937
3799,1864
3331,1879
4586,2675
4263,4474
2282,2909
38,573
2533,947
3297,3444
3610,2308
1632,3341
3810,150
1450,1100
1227,2559
3234,4204
3321,1651
1913,1846
2233,2049
375,4806
4110,2223
2884,393
412,4576
3027,4991
4440,4777
2248,97
1784,3842
4724,1959
3119,3137
3468,2593
4694,2485
2283,1544
4532,3972
4202,4720
757,2061
3482,3524
1036,4809
30,4606
2141,4114
4164,2591
2169,1201
4457,1669
3550,3241
1992,1956
1676,1621
3930,1146
849,582
3171,3165
3609,1637
487,1727
3451,3607
3775,1193
160,2060
1295,1591
593,535
1373,3358
4025,3635
2306,607
3096,2895
2811,1311
2999,4405
713,928
3750,1816
2297,1373
4215,4047
1156,1247
4920,2028
3176,4920
1522,1874
3869,2623
3700,4126
4793,3138
4952,1066
2690,4140
3741,2974
2754,1091
4569,1979
443,1299
2411,4371
2744,4638
363,2561
1975,4455
3585,3134
4443,1479
1307,4213
3309,4727
3991,1103
1922,169
3796,1320
3454,448
202,1309
1816,2216
3665,4385
407,135
299,1052
3914,958
2460,272
4638,4029
3937,795
3597,3184
239,3048
856,1917
4570,4474
3184,647
1006,1221
2099,1361
4564,3798
1371,3959
172,3434
1787,3069
1846,1975
3621,4923
66,1906
3870,2859
2583,1340
2429,2992
2157,4640
3259,4744
2176,2867
385,2774
2891,1660
4607,4944
2658,1601
2748,1031
3396,2544
2175,4081
1560,4121
1635,303
3573,4115
3230,107
3347,929
1439,99
1601,3238
1619,150
2609,2016
931,2136
4794,2025
2698,2332
1524,4204
4102,3172
2278,945
927,1261
3638,1087
2542,2943
4553,1346
3663,1598
3021,3197
146,1314
411,2268
2752,1173
1295,3530
3488,1001
388,203
2756,2851
4564,4348
2045,1791
2017,2009
4904,91
3411,3862
3191,1044
1135,4302
747,1285
416,2241
1387,2559
700,4891
323,1197
2748,4367
4326,450
4916,2299
3937,3457
4646,2982
4207,1405
604,2138
950,3003
3873,1446
1745,1180
4757,568
1560,945
1486,1227
2053,4973
1408,1228
1211,1938
3302,4703
2818,258
1466,3421
2173,3755
1507,4985
17,1947
4040,2604
283,1118
2175,210
4796,3991
3884,1755
315,2907
2316,2862
1807,4624
2766,3360
4704,2852
2305,2345
1514,498
3928,2341
677,4493
1347,4146
3277,2896
4194,1938
1912,317
2294,4206
3367,1358
648,2283
914,4808
2431,902
1277,4102
3580,2068
1913,801
3132,122
4529,4713
2894,2230
2503,2143
4109,2298
1672,4300
1109,162
2622,2968
4213,3110
1221,1757
3264,2817
894,3919
2500,830
103,3144
1080,2787
3459,1988
1880,3286
3634,569
2555,250
1131,3392
4901,2041
1974,4703
1412,788
144,497
1289,1461
2823,4783
4058,23
1953,3159
4724,1129
3360,4962
3929,1107
1171,2533
2066,3704
3014,4032
131,2898
423,4626
475,3530
1856,2492
4983,2445
3746,105
167,4003
3593,4956
2953,3579
2290,2773
2527,3055
4346,3119
2792,873
1117,4806
3549,2553
1379,1783
2044,536
3002,3605
2479,4926
766,4908
3930,564
4513,3089
2006,4263
2964,4378
4961,1465
862,3365
3378,158
3,3015
4080,1061
2262,1288
2777,2924
785,3683
1117,2680
3342,3425
3049,4565
3620,1242
2099,2092
696,771
3199,4252
2691,1941
4298,4044
1514,1885
3611,4016
4217,3488
2427,4165
2548,4877
1931,4313
2833,3479
2788,3660
485,1042
3022,238
4306,4461
370,327
3599,861
1228,4256
3049,1388
1759,3350
3681,2781
1708,2424
3749,3033
3633,980
1379,2553
2100,2041
27,3029
2781,3605
3933,708
124,1392
2768,3194
2483,3903
1563,3372
1535,3406
2333,2884
2951,4236
4910,2188
3267,2610
4760,1134
3631,4608
2229,2796
2212,163
1813,4016
1081,2952
1017,1210
4771,4538
49,2501
3938,2835
1796,433
4947,3056
3486,293
4354,4962
1399,1439
3220,1575
4262,3107
4103,2048
1312,930
1675,4977
3487,2747
2709,3708
2894,4200
2451,2416
630,1607
3384,2954
3773,246
2638,513
554,875
2197,820
444,136
3988,261
4442,741
3701,2293
4359,1347
3331,921
4350,2864
632,3561
4719,2102
4411,4364
4763,1087
124,1985
2422,358
1247,4058
1506,679
350,2129
129,4813
3596,2144
1995,4585
2098,1593
3758,1490
549,563
2306,4623
3540,982
1715,4393
3051,499
2681,3222
1822,947
3989,411
2112,4070
3592,407
178,2284
1613,3181
2767,1066
2546,3972
835,3361
3815,4984
4642,1533
2194,4707
1857,2671
1741,4216
3673,1348
4909,3398
1039,4927
2113,3112
3297,1635
2689,1984
254,105
2978,570
1232,1981
492,908
4959,4050
531,439
3274,4498
213,1506
223,208
3735,3040
940,4687
2237,1887
4593,2974
3098,1968
2696,119
2232,4065
4151,4953
3721,1190
709,2790
123,1438
2731,4867
3809,2448
4279,390
2945,934
4321,1677
2312,1751
590,194
952,1339
2185,2381
4878,2580
3159,1601
3323,1722
4267,3500
2340,3458
3634,2572
219,1541
3760,2089
1818,1302
2338,2129
1189,753
3057,3261
1312,1729
3827,898
4678,1591
1734,4027
3226,22
2162,3134
1380,3890
2545,3773
1084,989
855,994
2969,3237
3667,573
4728,4566
1830,604
3816,1635
444,2756
3,82
3988,3616
3769,2820
426,2106
4368,3167
3084,3286
1339,2694
2652,178
2699,3753
2781,2067
1797,631
3364,3175
1792,2710
674,156
1109,2825
2831,1872
4010,3250
479,3475
2495,1867
1365,1787
4080,4343
2557,1991
62,3251
2102,4261
433,659
1441,1047
1982,3042
3268,636
2716,4742
684,2546
4211,3441
2011,108
83,2554
326,4725
301,1050
176,3631
2000,3640
3735,4827
1217,2223
3127,600
1993,1972
2873,1523
4330,7
4489,102
1694,4748
3919,3488
1010,3373
218,1999
1353,3811
2068,280
3918,3287
4511,3645
2088,1263
4032,689
2346,1500
100,3110
4051,1963
839,3612
2501,4568
2235,4864
3355,1920
4777,1129
426,4399
2517,1698
4483,4304
4891,1374
3195,4700
431,1544
3637,4114
2591,1943
510,2584
4106,3416
1111,2919
2396,4718
4144,4535
450,437
1808,388
802,3292
1611,904
325,4055
3475,1531
3597,2892
849,1930
4345,1259
4618,1937
20,4494
983,4492
4042,738
3761,4812
221,635
1019,4732
3228,1463
3122,1682
2287,2760
4250,462
1559,3381
4976,417
4990,3384
2461,1259
1128,402
1345,4310
3536,4580
1789,4313
1501,2339
3557,2090
1701,323
2181,1471
4833,1877
4709,146
4816,4030
646,4039
2677,3286
648,4248
3897,8
3080,3524
3902,1230
2758,591
1320,2006
456,176
4803,877
427,2232
627,4909
1980,2999
4132,2421
3237,555
4085,4316
2058,195
829,1995
1793,2970
3681,4758
1812,87
1531,899
2204,366
1953,515
175,4512
1034,1923
2829,312
2946,1891
3337,2178
3054,2627
119,1394
1719,2858
4847,1296
176,4410
4108,1650
1459,2049
4872,2319
2430,1351
1900,2192
2967,2665
2736,3181
4204,4136
825,2290
4688,1643
500,3186
2932,3186
4433,2283
3018,3400
3595,2191
2569,844
3920,200
1200,3792
3977,176
2951,3074
4891,1740
1090,648
884,1094
3680,1547
3025,4982
555,1040
543,878
1734,2360
2225,4708
1802,4543
2861,4703
3151,218
4223,2497
18,1249
2810,3531
4463,770
2395,526
429,4754
3209,1758
2993,2755
3066,2130
4622,1681
870,4929
1566,2873
3678,4254
1426,4442
895,370
4977,2967
4057,246
799,2414
4566,311
3061,708
4416,4378
2331,2773
3454,1344
3909,1785
281,2156
2521,4900
3941,1207
2381,3178
3942,1489
2559,1456
4364,3223
3486,702
1148,2340
2276,1521
2226,3917
4058,229
2257,2565
136,437
3552,4830
4348,2061
253,2775
1852,3240
4867,3365
1397,3782
4882,2070
3650,2590
4182,2760
824,3728
4100,1671
3482,1456
1797,4731
4207,2073
4311,2782
961,1699
644,1665
2677,2801
4307,1865
269,2181
2075,1655
586,3030
158,4722
783,2900
849,2727
3079,3352
2409,2101
4125,1768
3689,1332
1743,3578
700,4082
1260,1229
1309,712
1690,809
1841,3338
4831,1472
3893,2719
1473,4817
1972,4970
2609,3459
2486,1198
1171,3921
1455,2038
1295,1015
2060,3863
1795,3734
3477,306
510,4383
4780,213
70,3595
2373,3081
556,2396
4720,4665
3355,4222
3022,230
3124,2984
4576,4591
2039,920
662,1727
3195,571
3831,3611
3929,4369
2199,717
4121,2861
3357,853
63,2803
2453,4890
4576,4290
180,2345
348,1603
958,3694
3676,4141
556,2224
1866,1005
103,884
4616,1233
2181,4406
2347,699
3543,3758
4451,2503
4532,1475
3470,3286
1016,4198
3209,1678
2713,3011
2708,3522
1115,1511
633,2823
2581,3199
3497,37
4172,3594
2496,2392
914,4058
867,3730
957,3427
4098,2105
4884,1444
1070,3600
3503,4074
813,2083
3757,3189
1467,4736
2835,3788
3704,2784
1945,4670
3190,3906
1327,1605
3657,959
1345,652
3667,3540
4783,2680
3076,3611
4150,4829
3497,3660
190,547
2432,1067
611,1010
2849,507
4147,395
4584,963
3924,2012
4263,4139
154,1759
4129,135
60,4734
4290,2131
4033,895
3672,2572
4217,3168
186,3483
992,4099
1156,2955
1100,4766
159,1590
4630,2120
2443,1299
3030,1146
1186,1791
2661,365
3294,4129
3866,3974
772,226
2876,3785
3429,1923
3537,1245
4295,2907
4044,813
907,1401
172,1494
2403,3260
4672,1285
417,4569
2350,2421
4464,4957
3907,4348
464,2711
2460,4491
1723,4370
1405,4739
3452,1366
4682,3321
4997,3575
2720,1231
461,1508
2368,689
3848,2110
618,1533
1741,4768
166,37
954,3697
4205,2806
3986,4355
4074,2032
2767,4602
3477,824
243,4307
1473,493
3465,3006
2188,4708
1694,1342
1647,667
2939,4170
998,125
4498,426
4127,406
3801,3337
2317,347
4983,3525
1195,2427
4711,405
4607,642
1344,3534
1546,4633
390,3640
156,2141
3743,4250
4795,1240
2684,1558
483,2535
2552,503
3886,4104
3569,4345
2745,4312
4476,3423
2314,3090
544,3823
2275,1490
3751,1663
2045,381
4122,2103
4880,405
964,1337
2100,3719
622,463
1458,330
4416,212
876,4040
2115,561
1296,2583
1667,1350
3334,3801
257,3569
518,3734
2222,1588
999,2977
3496,3364
4635,4808
2984,3974
3987,1358
2648,4943
700,491
2783,3392
449,361
2250,4023
4426,3419
4834,3007
1946,3870
1115,4701
2020,2530
34,1605
4644,1420
1187,537
2175,2398
4316,712
2631,1804
3374,3649
1714,3114
1330,2426
292,1494
4710,3563
2937,2740
675,2462
3628,1371
1505,3176
1693,653
1153,4031
740,3651
1417,3044
995,1454
1408,1513
2917,3037
248,3070
2527,4773
2939,550
115,3516
990,2279
2937,2673
3565,2994
4409,2503
152,556
3945,1395
1374,4678
2858,3182
1663,766
3939,4089
1631,3331
3048,2488
833,4115
4965,958
870,532
3805,3722
4617,3371
2346,690
3328,4385
4495,2666
2480,4434
328,3232
1301,2340
2599,1628
4815,4696
3958,1571
457,1824
1435,433
3835,2915
2036,781
335,3782
50,2532
3256,3736
409,2626
901,4125
2917,40
2665,4684
1563,1189
2112,1436
3115,1509
3473,1613
4933,477
2447,3329
2399,1888
158,2269
4506,4219
3701,2023
2465,3817
2746,3215
403,1292
4893,3966
4544,1149
3602,2403
3074,4967
453,1603
3719,716
41,620
405,1551
2372,571
1284,1675
2375,778
987,1215
331,2877
49,3141
2734,851
425,3633
3715,4206
1596,938
2999,3553
2607,620
4250,2738
1114,381
900,3778
3128,3640
1755,4842
2627,3005
2686,4492
627,603
1247,4859
3676,1045
746,4840
2709,2709
1272,2899
1012,1716
1940,213
3991,4107
4512,3522
4013,1274
610,3164
3295,3724
3523,2324
2303,3797
3883,4023
3970,4025
709,4430
284,3815
257,4906
4511,3913
1346,585
113,1265
3826,3156
3412,4462
3481,1990
2165,136
4023,3919
2251,3294
2486,4096
4690,4223
2272,3345
4115,1186
2619,3989
2252,2334
2850,1443
3275,3793
861,3680
2366,1687
2736,4305
3767,1910
3774,1032
4035,1906
3403,4212
3695,3451
4024,1550
4563,3951
2836,4820
1402,1222
1558,2254
3377,4626
1332,2831
2609,4988
3821,4235
2633,2071
1733,97
4164,4512
4202,4081
4736,2987
4325,1866
4168,4400
375,2353
528,2466
4832,1744
4156,4296
3983,673
28,1466
85,4932
1778,2236
4107,3351
2086,1896
2545,3644
2926,3952
3199,4191
1080,1588
3771,3676
707,1805
1745,4881
158,2231
4966,3578
316,2770
2955,1370
24,2634
2466,4123
582,681
3956,115
4572,895
189,54
3452,4467
2318,1701
3337,2934
3957,283
2781,4836
4675,1313
1639,1449
4143,3000
1247,3307
1075,3076
4037,1160
1959,203
894,4415
535,2758
1441,4382
2451,1334
1215,3964
4284,3857
368,3482
3445,4502
3675,1394
144,3038
3234,3478
603,4816
2947,3271
4252,4016
1249,1336
2341,1319
3909,859
824,1427
2492,1070
1923,220
2923,1057
767,3681
2580,2300
3470,4010
397,2415
3606,3936
1635,86
3161,1344
1805,4513
270,2698
185,4390
71,287
4484,4556
1625,2420
1916,1012
277,1287
1748,747
833,4704
541,3412
2415,1743
1512,2597
3213,216
1176,4500
2776,3889
1164,687
406,745
4618,1647
2974,3696
775,1021
1272,4040
4918,2638
2053,3704
1665,2212
4864,4188
3361,3340
2769,2599
4596,1626
1852,2721
2700,144
4233,4088
2845,1272
927,2433
4656,1632
3439,3937
946,4330
2236,4664
530,1354
157,3895
1749,2942
1860,3306
1972,3857
1247,117
3220,1167
2033,1605
2519,1476
3435,1086
4470,147
4153,3568
2073,4570
3343,3670
608,4263
77,3627
108,3433
4873,1799
3740,1086
4181,3951
227,2650
1390,252
860,2341
1524,1893
1033,1354
3287,3085
2521,187
1283,543
2412,486
3476,4747
4623,1078
2885,3897
3960,4938
1437,3640
755,763
232,553
4379,3775
1610,2061
3141,832
4475,1411
685,1593
1716,133
2729,890
2152,1448
2096,477
1569,4904
389,2983
4005,265
1285,927
1475,4739
1215,917
3828,4287
3834,4142
4622,59
1994,2917
4476,3141
1610,839
4462,1717
410,417
3262,3117
1899,3096
664,4340
504,715
1013,4343
207,476
3082,2307
4253,4424
739,3049
1065,3193
702,2400
2072,2584
1578,1740
3582,2555
2296,937
106,1085
814,4803
3130,3910
3711,3541
3430,3394
3327,3113
761,2723
3571,4902
2289,3881
1159,3493
849,3278
2425,4519
2871,680
817,3808
4892,2632
3360,3479
2451,3505
4723,2457
4832,4416
3941,4031
3946,2232
1903,3191
4088,4497
3932,1002
94,2984
4343,4930
4080,3204
3903,3953
1167,4820
133,1548
1750,4815
3477,2833
3388,4945
2621,4641
2856,3784
3403,2666
3914,2394
3335,3986
3050,938
180,3155
251,1544
2226,2231
1244,2501
4631,1136
3066,1303
3266,2808
1079,1513
3029,4889
2578,568
4095,2078
1902,3691
3730,1993
4351,843
533,2739
3300,2675
3801,54
3151,4895
640,2901
2857,2666
558,1608
926,96
1188,358
1266,1257
4947,1057
321,1955
3721,1896
1791,3016
142,4476
2796,4197
3737,3822
4582,3635
515,4183
4918,3890
4075,3561
1416,306
2732,62
1863,3350
907,1704
472,3886
2732,2386
4791,434
515,3314
450,2904
3448,513
3194,2665
4202,1086
1031,1680
2043,2820
3429,1251
2709,3657
3790,2273
3323,3854
4930,863
499,2803
3244,25
3753,2878
3536,3
1950,974
2394,3571
4096,1085
4879,2375
4668,662
1986,1320
3900,4946
994,1125
3318,3159
1311,2259
1777,4866
1061,963
670,3493
940,2962
3414,3885
3430,2763
151,4386
350,368
2700,2994
4829,2268
4966,1730
3388,4246
1529,4988
547,1934
1695,3326
2173,239
1487,2452
3998,1041
4925,2506
4198,2844
2651,2285
232,1644
4600,2723
4777,825
1846,3062
3694,1317
827,2811
3934,1257
186,176
3921,1347
2842,4520
4667,2527
2000,4231
143,2394
3545,1569
4296,3287
3592,4310
1593,4058
410,3363
2264,528
3618,1373
431,4900
565,1384
4116,3470
3146,1265
4742,4454
299,4710
760,3146
2438,3037
2041,1931
3472,1802
1899,4964
486,1715
4331,1715
2446,3579
4461,1923
1452,3118
2654,4630
369,1306
1,323
4852,4914
3066,4477
966,2816
4773,3962
533,3669
3914,2513
1648,1822
3938,2283
4569,4275
66,4862
1856,2403
2933,2728
417,248
3647,729
860,4402
2198,3819
3078,4094
740,4834
1004,379
1957,4507
3211,4958
1581,2435
4617,1631
570,605
4188,811
3698,3010
1932,4891
1731,732
4126,2512
1282,1762
2353,536
1924,671
3055,925
446,3985
1038,1121
4552,993
4742,4335
4028,1176
4276,4813
3345,3415
3866,4261
2090,3989
4108,115
3272,2786
3188,2178
888,3428
2052,4235
650,4155
2474,3633
4370,190
160,1615
2316,2312
1017,4334
4004,1320
662,1428
385,24
1686,3318
3652,594
4366,2999
745,603
2939,1873
776,2769
35,3596
3817,2765
2272,4071
286,4815
4997,4777
4012,1402
290,3036
3322,1667
4370,1936
1595,2141
1026,3124
1695,3263
4880,3349
2302,751
4992,3156
3676,3820
3283,745
809,2724
2616,888
834,2071
4093,1747
4898,1659
383,1865
4908,2272
1749,1473
542,4357
611,4481
4358,17
4452,4153
1010,3740
92,478
3117,2811
1199,4256
1308,3917
3821,2848
190,2649
2793,1680
156,2520
65,3516
4883,3469
4746,1251
3221,2384
3508,156
2543,3864
4186,2433
4644,3067
3540,3513
2242,1004
699,3780
4430,2300
174,3629
385,1914
301,1028
1303,944
4615,4105
3771,1324
4283,2277
2411,3281
614,1247
4506,1795
1616,1708
132,4545
3506,718
3751,4036
2805,203
4648,392
3366,925
4768,472
369,1486
1558,2409
1654,2815
2314,1723
574,4995
421,2653
2321,3761
664,2762
72,1184
2000,4398
744,1608
3803,1938
2691,3361
1623,4245
3731,524
1778,3456
2982,4389
3450,82
4295,4155
1414,1321
4351,4386
3962,4271
1550,2127
483,2931
4128,449
126,349
1199,2211
2819,1437
4205,4840
4948,4594
4232,2801
114,2252
431,1823
1909,466
3384,2381
1685,1695
352,4813
3168,3103
33,4109
4233,4660
4943,3173
4632,1486
1941,3037
231,442
4884,1908
2359,343
734,4529
1579,3358
577,371
5,3397
2810,2004
2550,1891
4030,4123
1982,4321
1317,2223
984,1143
2117,2094
335,4927
2298,670
3429,670
2720,2213
4415,3091
1124,1169
2183,2801
2544,379
2477,1152
3920,3081
102,1882
1694,1402
3881,304
53,3932
3846,4783
4592,3415
1903,2101
3319,677
1495,3139
4874,4257
760,931
376,3369
2456,737
1130,4818
2995,380
4598,2680
363,604
3875,4751
2007,136
391,207
1778,3929
3,2836
1617,3291
477,3377
3821,2975
3635,175
479,1354
4038,1226
3383,3915
3314,1712
2781,2044
1185,3003
4354,2542
3654,3807
1937,999
1758,4822
3652,2174
3518,4472
3594,2197
1314,1354
4692,1335
439,3527
4482,4616
3090,2759
365,1435
2290,3875
1354,3753
3212,4900
4656,4299
2443,3142
1561,1976
1446,2762
485,4909
4686,1394
4864,1905
1663,2454
1993,872
186,4386
425,1953
1807,2440
439,3308
3600,1448
3632,2401
604,7
1595,3970
740,1511
2841,2124
1125,4382
616,709
2259,1787
3663,1555
4872,4193
4600,4086
4447,3259
3079,2330
2408,112
3014,2378
2263,2086
4996,4631
4404,1327
2355,68
2090,3488
2203,3672
2104,2147
3468,3821
82,2480
3828,4835
2308,165
4222,3261
3721,3919
3826,4454
4233,3450
1503,3628
3531,4032
2216,4101
3090,890
3596,1387
1256,100
4762,2443
1038,1168
3959,4169
589,2671
627,356
4241,3638
2884,3717
4839,3450
605,1126
4291,3004
4584,2198
3885,1752
137,3127
3936,2403
2780,3287
608,662
1749,3163
918,4283
1619,414
919,448
4234,1499
3444,1604
4098,175
3520,865
2343,3878
3943,3244
1132,2325
646,3700
3786,3840
4216,2918
4535,1097
1478,1655
4489,2320
1744,3199
3,4367
1972,2988
2681,71
4599,1031
1956,3719
2420,1761
3046,1110
344,1109
894,4586
3787,1194
2778,218
3196,248
1460,4190
1436,4521
1577,4303
4951,2679
813,2660
3207,4880
2542,2572
660,3631
873,3059
1360,8
811,3819
1395,4364
3414,2447
4742,3927
2332,3906
2799,4762
1183,967
1883,3632
1848,2894
